471.6060606060606
394.77
309.32
221.24
141.6039603960396
81.52525252525253
46.31683168316832
467.5050505050505
390.62
299.03
206.32
135.0
83.62626262626263
48.386138613861384
486.55555555555554
398.28
284.33
189.06
122.33663366336634
75.75757575757575
42.34653465346535
488.6969696969697
406.98
323.39
228.4
145.68316831683168
88.01010101010101
46.722772277227726
490.989898989899
405.32
308.99
213.21
138.64356435643563
85.71717171717172
49.603960396039604
511.6363636363636
411.97
296.97
199.29
127.0990099009901
79.45454545454545
43.554455445544555
502.7878787878788
420.5
331.18
235.64
146.77227722772278
87.13131313131314
47.95049504950495
496.75757575757575
416.9
319.37
218.48
143.46534653465346
87.5050505050505
50.68316831683168
523.939393939394
418.27
303.52
202.39
130.41584158415841
80.79797979797979
45.31683168316832
307.77777777777777
255.14
203.2
144.22
90.2871287128713
54.63636363636363
28.91089108910891
308.4343434343434
254.79
194.59
133.76
86.36633663366337
53.43434343434343
30.73267326732673
317.93939393939394
256.98
188.78
123.24
80.29702970297029
47.64646464646464
26.831683168316832
327.3838383838384
274.69
213.04
152.89
93.76237623762377
57.45454545454545
28.73267326732673
322.77777777777777
263.02
207.95
143.05
91.41584158415841
56.18181818181818
31.762376237623762
333.5050505050505
270.38
194.59
126.26
82.81188118811882
51.121212121212125
26.099009900990097
333.1212121212121
275.71
218.73
153.59
95.13861386138613
56.61616161616162
29.97029702970297
327.27272727272725
270.76
211.06
143.41
92.93069306930693
55.15151515151515
30.673267326732674
345.8181818181818
274.77
198.45
130.76
84.53465346534654
52.64646464646464
27.801980198019802
149.73737373737373
123.01
95.23
69.34
42.584158415841586
23.343434343434343
11.871287128712872
149.46464646464648
122.65
94.3
65.11
42.475247524752476
24.373737373737374
12.811881188118813
155.94949494949495
122.65
89.63
58.39
35.94059405940594
21.32323232323232
10.277227722772277
160.8181818181818
130.7
103.25
71.4
44.31683168316832
24.292929292929294
13.01980198019802
156.05050505050505
126.99
98.45
66.81
43.15841584158416
24.80808080808081
12.881188118811881
163.77777777777777
127.78
91.95
60.54
37.78217821782178
21.767676767676768
11.128712871287128
162.37373737373738
130.86
103.7
73.38
45.06930693069307
26.484848484848484
12.831683168316832
162.1919191919192
130.7
101.71
68.56
43.603960396039604
24.90909090909091
13.297029702970297
166.53535353535352
133.08
94.9
63.14
38.118811881188115
22.32323232323232
10.801980198019802
456.7878787878788
381.59
294.93
212.7
131.1881188118812
78.38383838383838
42.82178217821782
449.24242424242425
375.99
290.13
196.7
129.07920792079207
77.16161616161617
45.415841584158414
474.2929292929293
378.04
273.09
180.81
115.83168316831683
70.44444444444444
38.039603960396036
472.47474747474746
395.5
311.79
217.53
135.58415841584159
80.11111111111111
43.57425742574257
467.3131313131313
391.22
299.84
204.88
133.41584158415841
81.23232323232324
47.475247524752476
491.3030303030303
396.67
285.65
185.96
119.84158415841584
74.48484848484848
41.198019801980195
480.85858585858585
400.23
316.68
224.27
141.5742574257426
85.47474747474747
45.81188118811881
481.6363636363636
399.48
303.6
208.43
136.7029702970297
81.60606060606061
47.28712871287129
503.74747474747477
403.89
289.35
190.05
119.4059405940594
74.37373737373737
41.05940594059406
299.17171717171715
246.86
192.65
136.68
85.00990099009901
48.18181818181818
26.04950495049505
292.3030303030303
243.59
186.04
129.69
82.88118811881188
49.80808080808081
27.15841584158416
305.2121212121212
243.62
176.07
115.09
73.66336633663366
42.888888888888886
22.03960396039604
309.2828282828283
254.74
202.34
141.62
90.38613861386139
52.18181818181818
27.15841584158416
308.969696969697
256.7
197.33
133.5
85.32673267326733
52.80808080808081
28.207920792079207
321.44444444444446
259.5
182.95
122.41
76.33663366336634
46.24242424242424
23.801980198019802
320.4141414141414
265.59
207.54
143.99
91.0990099009901
53.0
26.871287128712872
317.4040404040404
260.02
200.4
134.38
87.86138613861387
52.22222222222222
29.73267326732673
328.3636363636364
261.98
187.94
123.03
78.64356435643565
45.93939393939394
24.514851485148515
141.84848484848484
116.77
90.77
63.46
38.35643564356435
20.95959595959596
9.613861386138614
141.23232323232324
115.35
89.85
60.89
37.039603960396036
21.646464646464647
10.356435643564357
144.72727272727272
114.66
83.59
53.21
32.83168316831683
17.616161616161616
7.683168316831683
147.74747474747474
121.01
94.77
66.2
40.772277227722775
21.03030303030303
9.732673267326733
148.8181818181818
121.36
91.3
63.6
39.42574257425743
22.282828282828284
10.881188118811881
154.4747474747475
120.08
86.03
55.46
32.336633663366335
17.68686868686869
7.435643564356436
152.24242424242425
122.09
96.17
68.17
40.64356435643565
20.292929292929294
9.871287128712872
151.59595959595958
121.95
94.41
64.17
40.32673267326733
23.565656565656564
11.089108910891088
153.64646464646464
123.12
88.4
56.18
34.00990099009901
19.171717171717173
7.930693069306931
496.24242424242425
416.48
330.22
235.68
148.54455445544554
90.1010101010101
49.95049504950495
487.8888888888889
412.38
317.88
219.32
141.0891089108911
86.76767676767676
51.64356435643565
513.1212121212121
417.18
299.76
199.21
133.34653465346534
81.48484848484848
46.28712871287129
517.6464646464647
426.61
340.53
245.99
153.85148514851485
94.4040404040404
51.05940594059406
515.2121212121212
429.48
327.67
227.8
149.66336633663366
91.39393939393939
53.7029702970297
540.1919191919192
437.59
313.82
207.97
134.97029702970298
86.64646464646465
48.93069306930693
527.2222222222222
434.79
350.62
247.38
155.05940594059405
95.38383838383838
51.336633663366335
525.1414141414141
436.19
333.41
231.18
150.55445544554456
92.36363636363636
54.722772277227726
543.2121212121212
442.72
321.46
214.48
137.22772277227722
87.05050505050505
49.45544554455446
324.80808080808083
271.48
215.49
155.06
97.95049504950495
58.78787878787879
31.940594059405942
325.16161616161617
271.54
207.54
143.44
92.72277227722772
58.41414141414141
31.702970297029704
338.35353535353534
269.12
197.75
130.92
84.95049504950495
52.39393939393939
29.128712871287128
344.949494949495
283.43
226.15
162.13
101.39603960396039
60.35353535353536
32.118811881188115
339.4848484848485
282.77
216.57
149.73
98.76237623762377
59.717171717171716
34.82178217821782
357.8181818181818
283.09
209.0
135.84
88.02970297029702
54.94949494949495
29.702970297029704
349.989898989899
290.95
229.55
163.74
101.31683168316832
60.686868686868685
33.00990099009901
345.57575757575756
287.54
220.62
152.93
100.33663366336634
60.707070707070706
36.01980198019802
361.2020202020202
291.16
210.28
141.0
91.76237623762377
56.36363636363637
31.18811881188119
162.4747474747475
132.66
106.05
74.6
46.366336633663366
27.333333333333332
14.089108910891088
159.6161616161616
131.25
100.79
70.13
45.603960396039604
27.151515151515152
15.168316831683168
166.82828282828282
131.67
97.29
63.87
40.445544554455445
24.494949494949495
12.564356435643564
167.2020202020202
139.87
109.56
76.01
48.37623762376238
28.262626262626263
14.990099009900991
166.3838383838384
137.14
105.11
71.86
46.15841584158416
27.67676767676768
15.415841584158416
173.11111111111111
138.34
101.64
67.1
41.24752475247525
25.828282828282827
13.534653465346535
172.33333333333334
143.36
112.15
78.65
48.24752475247525
27.737373737373737
14.425742574257425
171.5050505050505
139.65
107.99
74.43
47.148514851485146
29.404040404040405
15.465346534653465
177.6060606060606
140.67
102.06
67.74
41.277227722772274
25.545454545454547
13.158415841584159
414.83838383838383
344.85
271.3
186.64
126.92079207920793
84.1010101010101
48.86138613861386
363.8888888888889
293.9
218.15
146.7
93.99009900990099
62.39393939393939
35.633663366336634
417.80808080808083
337.41
266.61
189.56
125.84158415841584
75.21212121212122
48.06930693069307
473.8888888888889
392.13
307.86
213.93
145.7128712871287
96.84848484848484
56.396039603960396
412.32323232323233
332.57
249.31
164.39
106.32673267326733
69.25252525252525
41.08910891089109
481.65656565656565
386.43
304.73
218.43
146.0
88.33333333333333
55.851485148514854
500.5353535353535
413.54
323.97
225.73
152.07920792079207
100.78787878787878
58.960396039603964
438.19191919191917
355.71
263.64
171.92
109.88118811881188
73.41414141414141
40.73267326732673
506.65656565656565
406.88
322.35
232.17
151.92079207920793
92.4040404040404
58.07920792079208
275.26262626262627
226.0
178.02
123.98
84.74257425742574
54.72727272727273
32.2970297029703
238.11111111111111
191.56
144.97
95.82
62.31683168316832
40.282828282828284
22.445544554455445
278.32323232323233
219.78
175.43
127.78
83.98019801980197
51.82828282828283
31.26732673267327
319.17171717171715
260.01
203.63
142.29
95.72277227722772
63.888888888888886
36.35643564356435
273.22222222222223
222.26
165.28
109.76
70.24752475247524
46.474747474747474
25.84158415841584
319.27272727272725
254.06
203.94
147.99
96.31683168316832
58.17171717171717
35.35643564356435
337.54545454545456
274.79
216.67
148.26
100.03960396039604
68.79797979797979
38.039603960396036
291.3030303030303
232.34
172.88
115.23
74.07920792079207
48.21212121212121
27.128712871287128
337.6969696969697
269.88
216.33
155.59
101.85148514851485
60.85858585858586
37.42574257425743
138.27272727272728
114.18
88.02
61.11
40.76237623762376
26.32323232323232
14.198019801980198
119.47474747474747
95.3
70.41
46.91
29.514851485148515
18.242424242424242
9.752475247524753
138.8080808080808
110.73
86.9
62.9
41.01980198019802
26.13131313131313
14.287128712871286
157.0
129.27
101.98
71.51
47.57425742574257
30.95959595959596
17.02970297029703
137.67676767676767
110.7
81.42
54.26
33.9009900990099
22.13131313131313
12.425742574257425
160.73737373737373
128.84
100.93
72.57
47.28712871287129
27.626262626262626
15.534653465346535
170.17171717171718
136.98
109.04
73.39
49.524752475247524
31.707070707070706
17.574257425742573
147.73737373737373
115.05
86.15
56.9
35.445544554455445
23.171717171717173
12.623762376237623
168.65656565656565
135.5
104.92
77.05
50.02970297029703
28.646464646464647
17.544554455445546
403.6666666666667
331.96
259.54
178.63
123.53465346534654
81.0
46.0990099009901
353.65656565656565
283.03
211.33
140.4
87.63366336633663
58.93939393939394
34.86138613861386
412.14141414141415
327.0
258.4
184.62
124.17821782178218
74.9090909090909
46.73267326732673
459.54545454545456
378.75
293.67
205.59
140.76237623762376
91.58585858585859
53.79207920792079
401.6060606060606
323.93
241.02
157.06
100.57425742574257
67.53535353535354
38.524752475247524
466.04040404040404
375.01
294.86
209.46
139.82178217821783
83.9090909090909
52.51485148514851
484.95959595959596
399.78
312.56
217.34
147.36633663366337
96.5959595959596
57.475247524752476
419.55555555555554
340.19
254.42
167.35
106.32673267326733
70.62626262626263
41.039603960396036
496.020202020202
393.06
312.82
221.76
146.66336633663366
89.74747474747475
57.16831683168317
265.6060606060606
217.69
173.3
118.68
80.94059405940594
54.13131313131313
30.99009900990099
234.91919191919192
186.25
138.45
91.89
59.9009900990099
38.43434343434343
22.465346534653467
268.8888888888889
213.56
167.99
121.57
80.21782178217822
49.121212121212125
29.861386138613863
306.14141414141415
247.58
195.43
135.56
90.74257425742574
59.696969696969695
34.198019801980195
265.979797979798
211.53
159.34
105.17
65.9009900990099
44.333333333333336
24.26732673267327
307.09090909090907
245.36
194.1
138.38
93.24752475247524
55.111111111111114
33.584158415841586
327.2828282828283
264.17
208.33
142.96
98.18811881188118
63.696969696969695
36.277227722772274
281.90909090909093
220.65
167.32
111.2
70.27722772277228
45.525252525252526
25.544554455445546
326.5050505050505
260.85
208.32
143.82
97.73267326732673
57.15151515151515
35.56435643564357
131.94949494949495
106.64
83.33
58.99
39.98019801980198
24.97979797979798
13.96039603960396
116.94949494949495
91.63
67.69
45.27
29.019801980198018
17.949494949494948
9.534653465346535
132.68686868686868
106.31
81.25
59.64
40.524752475247524
22.88888888888889
13.326732673267326
152.08080808080808
123.02
95.69
65.74
44.40594059405941
28.343434343434343
15.405940594059405
133.76767676767676
105.39
77.1
51.63
32.76237623762376
20.97979797979798
10.772277227722773
153.05050505050505
121.01
94.28
66.5
43.99009900990099
25.92929292929293
15.168316831683168
162.43434343434345
129.29
99.99
70.14
46.742574257425744
30.060606060606062
17.099009900990097
137.3939393939394
109.37
82.11
54.83
34.118811881188115
21.2020202020202
11.653465346534654
161.66666666666666
129.87
98.95
72.56
46.26732673267327
26.474747474747474
15.415841584158416
440.65656565656565
361.46
281.45
195.71
134.27722772277227
89.5959595959596
50.95049504950495
378.969696969697
310.28
228.44
151.25
97.73267326732673
66.23232323232324
38.43564356435643
440.5959595959596
356.28
280.56
204.85
135.64356435643563
83.5959595959596
51.34653465346535
500.1010101010101
408.03
322.65
222.31
154.20792079207922
101.35353535353535
57.75247524752475
436.52525252525254
349.11
263.52
172.42
110.9009900990099
74.64646464646465
43.415841584158414
510.050505050505
405.62
322.71
231.37
152.1980198019802
92.72727272727273
58.95049504950495
528.7373737373738
432.6
342.81
237.92
160.92079207920793
104.68686868686869
62.336633663366335
459.22222222222223
370.94
277.78
182.52
115.13861386138613
77.17171717171718
44.32673267326733
533.5050505050505
431.43
342.21
243.27
165.4950495049505
98.1010101010101
61.475247524752476
291.93939393939394
239.97
188.73
133.01
90.33663366336634
59.06060606060606
34.91089108910891
252.07070707070707
204.07
153.22
101.9
63.21782178217822
42.23232323232323
24.92079207920792
291.4343434343434
234.92
185.39
133.52
91.34653465346534
55.95959595959596
34.13861386138614
335.64646464646466
275.05
215.82
149.21
103.9009900990099
67.5959595959596
38.82178217821782
290.64646464646466
236.33
175.59
116.81
74.17821782178218
48.656565656565654
28.742574257425744
336.6969696969697
269.58
213.83
153.29
102.34653465346534
61.898989898989896
38.79207920792079
353.6363636363636
288.63
226.61
158.29
105.64356435643565
69.4949494949495
40.9009900990099
303.989898989899
243.91
185.04
120.47
77.93069306930693
51.04040404040404
29.168316831683168
354.2020202020202
286.31
226.47
162.3
109.44554455445545
65.5050505050505
40.51485148514851
146.23232323232324
119.13
94.76
65.2
43.79207920792079
28.373737373737374
16.128712871287128
127.37373737373737
101.87
76.61
51.66
31.524752475247524
20.343434343434343
11.574257425742575
146.8989898989899
116.19
93.16
67.57
45.0
27.595959595959595
16.277227722772277
166.8989898989899
136.42
105.87
74.62
50.62376237623762
32.313131313131315
18.77227722772277
147.5050505050505
115.15
85.93
56.44
36.75247524752475
24.060606060606062
13.683168316831683
168.88888888888889
135.34
105.96
77.58
51.277227722772274
31.272727272727273
17.673267326732674
176.82828282828282
144.71
111.67
78.69
51.366336633663366
34.898989898989896
20.455445544554454
155.07070707070707
122.89
92.93
59.59
37.851485148514854
24.595959595959595
13.158415841584159
177.59595959595958
144.32
114.05
80.18
53.663366336633665
31.848484848484848
19.782178217821784
462.19191919191917
382.32
289.91
201.57
135.33663366336634
86.34343434343434
51.57425742574257
459.90909090909093
369.28
267.8
177.36
117.53465346534654
69.05050505050505
36.039603960396036
459.8989898989899
377.58
282.41
196.15
132.8910891089109
84.17171717171718
48.94059405940594
490.2929292929293
403.93
308.92
212.45
142.31683168316832
90.38383838383838
54.584158415841586
487.8888888888889
390.27
281.86
186.78
122.85148514851485
71.60606060606061
39.01980198019802
488.73737373737373
403.23
305.18
210.73
137.56435643564356
89.70707070707071
52.21782178217822
505.74747474747477
420.27
316.24
218.84
145.8019801980198
95.53535353535354
54.89108910891089
497.5050505050505
404.64
294.49
193.65
125.82178217821782
73.91919191919192
40.12871287128713
498.93939393939394
413.89
312.56
215.01
142.01980198019803
92.18181818181819
54.76237623762376
300.35353535353534
248.74
190.86
131.32
89.7128712871287
57.525252525252526
32.76237623762376
301.8484848484849
241.65
175.44
117.92
74.39603960396039
44.76767676767677
22.89108910891089
300.3333333333333
247.11
187.59
128.49
84.95049504950495
55.19191919191919
30.77227722772277
324.4848484848485
266.32
203.52
140.23
91.73267326732673
60.01010101010101
34.86138613861386
319.45454545454544
259.3
185.81
123.02
79.8019801980198
47.54545454545455
24.702970297029704
323.82828282828285
261.43
199.83
136.48
90.17821782178218
57.888888888888886
33.693069306930695
333.2828282828283
274.23
207.37
143.51
95.43564356435644
60.717171717171716
35.277227722772274
328.1111111111111
264.18
190.68
128.5
82.31683168316832
49.07070707070707
25.198019801980198
330.22222222222223
271.4
203.98
141.29
94.60396039603961
59.81818181818182
33.97029702970297
150.2929292929293
119.74
91.51
64.43
42.801980198019805
27.07070707070707
14.405940594059405
147.03030303030303
118.25
85.41
56.44
36.07920792079208
19.95959595959596
10.554455445544555
148.43434343434345
119.23
92.25
61.19
40.633663366336634
24.77777777777778
13.831683168316832
158.11111111111111
129.25
99.25
68.95
44.34653465346535
28.19191919191919
15.217821782178218
158.03030303030303
124.6
90.35
59.24
38.92079207920792
21.949494949494948
11.267326732673267
159.31313131313132
127.39
97.13
65.13
43.76237623762376
26.434343434343436
14.495049504950495
165.24242424242425
135.48
101.71
72.49
46.23762376237624
29.21212121212121
15.584158415841584
161.74747474747474
130.36
93.54
61.25
40.336633663366335
21.92929292929293
11.029702970297029
162.989898989899
131.54
99.23
67.02
43.118811881188115
27.01010101010101
14.326732673267326
446.92929292929296
369.46
279.21
194.92
128.07920792079207
82.65656565656566
47.78217821782178
444.3333333333333
357.95
256.82
170.1
111.5049504950495
64.63636363636364
33.97029702970297
443.1111111111111
363.8
271.92
186.98
125.51485148514851
79.61616161616162
46.51485148514851
474.80808080808083
391.6
300.27
205.17
135.21782178217822
87.18181818181819
50.67326732673267
471.3939393939394
380.32
274.44
180.25
119.48514851485149
68.94949494949495
37.13861386138614
469.55555555555554
390.38
290.43
198.91
132.45544554455446
85.68686868686869
48.97029702970297
484.72727272727275
399.29
303.4
210.63
142.05940594059405
90.29292929292929
51.71287128712871
482.55555555555554
393.24
281.98
183.56
120.22772277227723
70.41414141414141
36.7029702970297
487.04040404040404
394.16
296.38
206.21
136.84158415841586
85.02020202020202
50.13861386138614
290.1313131313131
240.26
181.15
125.74
82.44554455445545
52.19191919191919
31.316831683168317
291.47474747474746
234.4
169.33
111.87
71.5940594059406
41.93939393939394
20.96039603960396
