78.61616161616162
67.1
52.52
36.93
24.81188118811881
14.444444444444445
8.554455445544555
79.28282828282828
64.89
51.53
36.14
23.673267326732674
14.1010101010101
8.504950495049505
82.61616161616162
67.02
49.09
33.38
21.673267326732674
13.747474747474747
7.712871287128713
82.28282828282828
69.14
54.38
39.58
26.04950495049505
15.262626262626263
8.336633663366337
82.38383838383838
69.25
51.95
36.79
24.534653465346533
14.94949494949495
8.96039603960396
85.33333333333333
70.02
50.6
34.36
22.871287128712872
14.191919191919192
7.683168316831683
85.57575757575758
71.76
56.93
40.5
25.693069306930692
15.16161616161616
8.277227722772277
83.41414141414141
71.06
54.7
38.62
25.15841584158416
15.525252525252526
8.970297029702971
88.72727272727273
72.12
51.95
35.03
22.96039603960396
14.02020202020202
8.366336633663366
52.61616161616162
45.02
35.43
25.02
16.128712871287128
9.696969696969697
5.03960396039604
53.08080808080808
44.12
32.6
23.67
15.178217821782178
9.212121212121213
5.3861386138613865
55.90909090909091
44.68
33.12
22.31
14.445544554455445
8.909090909090908
4.891089108910891
55.24242424242424
48.13
36.23
26.2
16.831683168316832
10.525252525252526
5.099009900990099
53.78787878787879
46.54
35.4
24.81
16.099009900990097
9.585858585858587
5.673267326732673
56.54545454545455
46.08
34.66
23.14
14.405940594059405
9.090909090909092
4.782178217821782
55.75757575757576
49.22
37.81
27.29
16.821782178217823
9.757575757575758
5.435643564356436
54.707070707070706
46.78
36.96
25.23
16.10891089108911
9.383838383838384
5.445544554455446
59.888888888888886
47.15
34.88
22.99
14.425742574257425
8.97979797979798
5.089108910891089
26.68686868686869
21.51
18.13
12.69
8.009900990099009
4.414141414141414
2.623762376237624
26.333333333333332
21.44
17.28
11.62
7.435643564356436
3.9797979797979797
2.6732673267326734
27.848484848484848
21.51
16.33
10.55
6.712871287128713
3.5454545454545454
2.099009900990099
27.757575757575758
23.03
18.82
12.79
8.108910891089108
4.383838383838384
2.4356435643564356
27.02020202020202
23.61
17.7
11.02
7.643564356435643
4.656565656565657
2.4752475247524752
29.02020202020202
23.27
16.26
11.01
6.99009900990099
3.95959595959596
2.118811881188119
29.333333333333332
23.9
18.79
13.11
7.534653465346534
4.878787878787879
2.3267326732673266
28.505050505050505
22.95
18.47
12.03
7.594059405940594
4.717171717171717
2.4653465346534653
29.454545454545453
24.71
16.8
11.58
7.0495049504950495
4.090909090909091
2.1782178217821784
76.83838383838383
67.2
51.15
37.19
22.15841584158416
14.858585858585858
7.415841584158416
76.75757575757575
64.79
50.52
34.9
22.326732673267326
14.272727272727273
8.782178217821782
81.29292929292929
64.77
47.24
30.96
21.425742574257427
12.95959595959596
6.415841584158416
78.56565656565657
69.05
53.72
37.58
24.683168316831683
14.878787878787879
7.920792079207921
78.71717171717172
66.66
51.77
36.37
24.0
14.303030303030303
8.811881188118813
84.03030303030303
67.36
49.55
33.1
21.475247524752476
13.464646464646465
7.316831683168317
81.5050505050505
67.75
55.42
39.42
24.435643564356436
15.181818181818182
7.910891089108911
81.02020202020202
68.16
51.2
36.19
24.425742574257427
14.464646464646465
8.782178217821782
84.3030303030303
68.73
50.5
32.82
20.99009900990099
13.444444444444445
7.257425742574258
50.696969696969695
42.09
34.48
24.05
15.603960396039604
9.242424242424242
4.653465346534653
51.78787878787879
43.12
32.76
23.12
15.267326732673267
9.252525252525253
4.910891089108911
54.04040404040404
43.55
31.82
20.68
13.742574257425742
8.02020202020202
4.03960396039604
53.525252525252526
44.56
36.35
24.93
15.584158415841584
8.666666666666666
4.683168316831683
53.38383838383838
45.09
34.19
23.87
15.188118811881187
9.505050505050505
5.485148514851486
56.27272727272727
44.49
32.86
21.34
13.712871287128714
8.373737373737374
4.415841584158416
54.15151515151515
46.81
36.51
24.94
16.168316831683168
9.848484848484848
4.821782178217822
54.98989898989899
46.63
35.69
23.15
15.237623762376238
9.474747474747474
5.782178217821782
56.04040404040404
45.64
33.5
21.85
14.237623762376238
7.7272727272727275
4.792079207920792
25.515151515151516
21.17
17.38
11.48
6.97029702970297
3.6464646464646466
2.1584158415841586
25.434343434343436
21.55
16.4
10.65
6.742574257425742
3.919191919191919
2.00990099009901
25.717171717171716
20.98
15.4
10.22
6.079207920792079
3.404040404040404
1.5247524752475248
26.757575757575758
21.96
17.35
11.68
7.0
3.787878787878788
1.8514851485148516
25.91919191919192
22.06
16.31
11.3
7.188118811881188
4.01010101010101
2.108910891089109
27.31313131313131
22.16
15.01
10.28
6.0495049504950495
3.4444444444444446
1.396039603960396
26.11111111111111
21.82
17.06
12.64
7.178217821782178
3.707070707070707
1.8217821782178218
27.333333333333332
21.84
16.76
11.29
7.435643564356436
4.232323232323233
2.217821782178218
26.555555555555557
21.73
15.62
10.05
5.752475247524752
3.9292929292929295
1.5247524752475248
81.91919191919192
68.43
54.42
39.21
24.594059405940595
15.505050505050505
8.534653465346535
81.54545454545455
67.92
53.65
37.04
24.831683168316832
15.252525252525253
8.831683168316832
85.70707070707071
70.27
50.2
34.25
23.019801980198018
14.474747474747474
7.861386138613861
84.31313131313131
69.63
56.83
41.89
26.554455445544555
16.09090909090909
8.742574257425742
83.68686868686869
70.89
53.77
36.99
25.287128712871286
15.656565656565656
9.287128712871286
88.61616161616162
72.34
51.45
35.13
22.02970297029703
14.343434343434344
8.03960396039604
86.78787878787878
70.16
59.39
41.64
26.88118811881188
16.434343434343436
8.623762376237623
86.39393939393939
71.69
56.5
39.28
25.940594059405942
15.636363636363637
9.247524752475247
89.22222222222223
73.5
53.38
35.65
23.138613861386137
14.868686868686869
8.752475247524753
54.54545454545455
45.25
37.04
26.66
16.613861386138613
10.202020202020202
5.623762376237623
54.343434343434346
46.34
35.51
24.43
15.841584158415841
10.252525252525253
5.732673267326732
56.75757575757576
46.38
34.32
22.98
14.98019801980198
8.969696969696969
5.376237623762377
57.64646464646464
47.47
38.23
28.03
16.435643564356436
10.212121212121213
5.326732673267327
57.878787878787875
47.89
35.71
25.41
16.88118811881188
10.343434343434344
6.396039603960396
59.898989898989896
47.75
34.2
23.84
15.178217821782178
9.818181818181818
5.514851485148514
57.63636363636363
48.34
38.5
28.1
18.059405940594058
10.777777777777779
5.693069306930693
57.494949494949495
49.79
37.04
26.28
16.603960396039604
10.1010101010101
6.6138613861386135
60.21212121212121
49.01
35.23
24.02
15.910891089108912
9.828282828282829
5.871287128712871
26.90909090909091
23.05
18.9
13.25
8.188118811881187
5.040404040404041
2.4752475247524752
26.939393939393938
22.33
17.69
11.86
7.782178217821782
4.91919191919192
2.9603960396039604
29.95959595959596
22.67
17.26
11.1
7.326732673267327
4.898989898989899
2.227722772277228
27.626262626262626
24.06
19.25
14.25
7.98019801980198
4.656565656565657
2.6930693069306932
28.565656565656564
23.55
17.68
12.57
8.049504950495049
5.090909090909091
2.98019801980198
30.171717171717173
24.2
17.62
11.02
7.376237623762377
4.545454545454546
2.4257425742574257
29.95959595959596
24.54
19.87
13.06
8.366336633663366
4.959595959595959
2.871287128712871
29.88888888888889
25.52
18.54
13.07
8.405940594059405
4.98989898989899
3.0396039603960396
30.92929292929293
24.86
18.11
12.31
7.811881188118812
4.424242424242424
2.376237623762376
70.8080808080808
59.19
46.26
32.48
21.752475247524753
15.05050505050505
8.415841584158416
62.121212121212125
50.03
37.95
24.81
15.07920792079208
10.787878787878787
7.00990099009901
71.1919191919192
58.53
45.53
33.06
21.861386138613863
13.191919191919192
8.792079207920793
80.51515151515152
65.56
52.04
36.93
25.673267326732674
16.95959595959596
9.811881188118813
69.04040404040404
55.55
42.8
28.46
18.198019801980198
12.04040404040404
7.158415841584159
82.39393939393939
67.05
51.99
38.48
25.316831683168317
15.797979797979798
10.217821782178218
84.75757575757575
69.59
55.77
38.68
27.336633663366335
17.595959595959595
10.009900990099009
73.64646464646465
60.19
45.04
30.02
18.85148514851485
13.323232323232324
7.445544554455446
85.64646464646465
68.0
53.63
40.36
26.534653465346533
16.727272727272727
9.574257425742575
47.96969696969697
39.23
30.8
22.14
14.782178217821782
9.757575757575758
5.683168316831683
41.666666666666664
33.28
25.59
16.65
10.782178217821782
7.212121212121212
4.316831683168317
48.56565656565657
38.18
30.96
22.67
15.099009900990099
8.97979797979798
5.356435643564357
54.474747474747474
43.77
34.25
24.85
16.673267326732674
10.656565656565656
6.772277227722772
48.282828282828284
39.58
28.84
19.72
12.425742574257425
8.303030303030303
4.435643564356436
54.101010101010104
44.47
34.89
25.43
17.574257425742573
9.818181818181818
6.336633663366337
56.74747474747475
47.34
37.84
25.79
17.821782178217823
12.131313131313131
6.900990099009901
51.62626262626262
39.89
29.6
20.5
11.811881188118813
8.94949494949495
5.198019801980198
56.62626262626262
47.33
37.77
27.0
18.346534653465348
11.02020202020202
6.821782178217822
24.2020202020202
20.57
15.85
10.79
7.584158415841584
5.121212121212121
2.5841584158415842
21.0
17.06
12.32
8.63
5.663366336633663
3.676767676767677
1.8712871287128714
24.292929292929294
19.71
16.3
11.05
7.306930693069307
4.636363636363637
2.722772277227723
28.07070707070707
23.33
18.15
12.4
8.891089108910892
5.666666666666667
3.227722772277228
24.505050505050505
20.07
14.72
9.86
5.8316831683168315
4.202020202020202
2.0297029702970297
27.96969696969697
22.88
17.95
12.41
8.900990099009901
5.303030303030303
3.118811881188119
29.717171717171716
24.94
19.79
13.29
8.217821782178218
5.3232323232323235
3.4356435643564356
25.87878787878788
20.33
15.8
10.31
6.237623762376238
4.212121212121212
2.603960396039604
28.626262626262626
23.91
18.38
13.68
8.900990099009901
5.343434343434343
3.594059405940594
71.28282828282828
56.93
45.15
30.72
21.594059405940595
13.868686868686869
8.326732673267326
60.61616161616162
49.0
37.1
24.1
15.405940594059405
10.767676767676768
6.366336633663367
70.53535353535354
57.76
44.69
31.29
21.435643564356436
13.212121212121213
9.0
77.75757575757575
65.43
50.49
34.97
24.702970297029704
15.909090909090908
9.465346534653465
68.62626262626263
55.72
41.04
28.42
16.97029702970297
11.868686868686869
6.3861386138613865
79.41414141414141
64.87
51.24
37.17
23.871287128712872
14.616161616161616
9.306930693069306
82.48484848484848
67.05
53.99
36.58
25.801980198019802
17.08080808080808
10.148514851485148
72.92929292929293
58.5
43.74
29.32
18.445544554455445
12.202020202020202
7.445544554455446
84.34343434343434
64.99
53.56
37.86
26.07920792079208
16.181818181818183
10.178217821782178
46.676767676767675
39.08
30.35
20.26
14.762376237623762
9.919191919191919
5.891089108910891
41.101010101010104
33.24
23.75
16.7
10.693069306930694
7.242424242424242
3.9504950495049505
46.60606060606061
38.05
30.05
21.65
14.227722772277227
8.707070707070708
5.742574257425742
52.83838383838384
41.63
34.52
24.97
16.633663366336634
10.272727272727273
6.425742574257426
45.474747474747474
37.6
27.54
18.68
12.158415841584159
7.797979797979798
4.287128712871287
54.18181818181818
41.61
34.41
24.47
17.019801980198018
9.666666666666666
6.138613861386139
55.505050505050505
45.06
36.62
24.71
17.99009900990099
10.98989898989899
6.3861386138613865
48.333333333333336
38.71
29.54
20.51
11.841584158415841
8.252525252525253
5.00990099009901
55.878787878787875
45.22
36.48
25.92
17.336633663366335
10.141414141414142
6.01980198019802
24.757575757575758
18.72
15.57
10.94
7.465346534653466
4.363636363636363
2.98019801980198
20.90909090909091
16.61
12.43
8.69
4.8316831683168315
3.3737373737373737
1.9801980198019802
23.636363636363637
18.6
14.43
11.0
7.683168316831683
4.292929292929293
2.8217821782178216
26.04040404040404
21.83
17.32
11.75
8.306930693069306
5.171717171717172
3.0297029702970297
23.32323232323232
19.53
14.24
9.14
5.782178217821782
3.6666666666666665
2.3069306930693068
27.060606060606062
21.09
17.42
12.39
7.653465346534653
4.828282828282828
2.712871287128713
28.585858585858585
22.55
18.71
12.49
8.297029702970297
5.494949494949495
3.257425742574257
24.828282828282827
18.96
15.44
10.0
6.247524752475248
3.9696969696969697
2.366336633663366
29.13131313131313
23.44
18.39
13.11
8.465346534653465
5.111111111111111
3.297029702970297
71.38383838383838
58.08
46.73
33.53
22.712871287128714
14.797979797979798
8.603960396039604
63.04040404040404
52.22
39.1
25.34
16.06930693069307
11.282828282828282
6.742574257425742
72.62626262626263
59.13
47.23
35.12
23.128712871287128
14.121212121212121
9.217821782178218
82.68686868686869
67.07
53.58
38.15
25.445544554455445
17.11111111111111
9.772277227722773
70.57575757575758
57.49
45.76
28.99
17.594059405940595
13.303030303030303
7.871287128712871
83.9090909090909
69.0
53.99
39.1
25.81188118811881
15.666666666666666
10.346534653465346
85.29292929292929
73.26
57.62
39.76
26.356435643564357
18.181818181818183
10.495049504950495
73.95959595959596
60.34
44.85
30.81
19.04950495049505
12.676767676767676
8.178217821782178
87.03030303030303
70.82
56.89
41.01
27.524752475247524
16.161616161616163
10.584158415841584
48.43434343434343
41.22
31.6
21.71
15.316831683168317
10.252525252525253
6.3861386138613865
43.63636363636363
34.63
25.54
17.67
10.564356435643564
7.525252525252525
4.257425742574258
48.666666666666664
40.84
31.39
22.67
15.762376237623762
9.696969696969697
6.227722772277228
54.05050505050505
45.67
36.31
25.13
17.316831683168317
11.434343434343434
6.732673267326732
48.25252525252525
39.22
29.38
19.9
11.891089108910892
8.434343434343434
5.148514851485149
54.7979797979798
45.74
36.08
26.88
17.673267326732674
11.202020202020202
6.871287128712871
58.2020202020202
47.31
38.28
26.87
17.792079207920793
11.686868686868687
6.752475247524752
51.78787878787879
42.72
30.95
20.21
13.841584158415841
9.080808080808081
5.287128712871287
59.686868686868685
48.67
38.83
28.12
18.405940594059405
11.363636363636363
7.138613861386139
25.383838383838384
20.04
16.17
11.09
7.0495049504950495
5.696969696969697
2.8316831683168315
21.767676767676768
17.38
12.63
9.34
5.346534653465347
3.9494949494949494
2.396039603960396
24.585858585858585
19.91
15.84
11.43
7.851485148514851
4.959595959595959
3.3168316831683167
28.91919191919192
24.08
18.95
13.24
8.762376237623762
5.575757575757576
3.3168316831683167
24.8989898989899
19.96
14.94
9.65
6.663366336633663
4.3232323232323235
2.3069306930693068
27.88888888888889
23.8
18.56
12.9
8.277227722772277
5.414141414141414
3.3465346534653464
29.77777777777778
24.96
19.02
13.47
8.970297029702971
6.414141414141414
3.98019801980198
26.454545454545453
21.56
16.11
10.36
6.623762376237623
4.565656565656566
2.396039603960396
31.373737373737374
24.33
19.84
13.73
9.376237623762377
6.02020202020202
3.7524752475247523
77.21212121212122
65.17
49.64
34.59
24.26732673267327
15.757575757575758
8.94059405940594
76.96969696969697
63.95
46.4
30.41
20.425742574257427
12.121212121212121
6.633663366336633
78.08080808080808
64.71
48.18
34.05
23.198019801980198
14.828282828282829
9.138613861386139
82.88888888888889
67.72
53.05
37.3
25.485148514851485
16.404040404040405
9.613861386138614
83.15151515151516
66.89
48.09
32.67
20.683168316831683
12.787878787878787
7.138613861386139
81.37373737373737
69.75
51.47
36.81
24.128712871287128
15.88888888888889
9.673267326732674
84.96969696969697
71.84
54.17
36.68
25.138613861386137
16.747474747474747
10.05940594059406
83.88888888888889
68.82
50.99
33.27
21.762376237623762
13.515151515151516
7.3861386138613865
82.64646464646465
70.04
54.33
37.5
25.386138613861387
16.282828282828284
9.475247524752476
50.313131313131315
43.86
33.62
22.65
14.772277227722773
10.434343434343434
6.267326732673268
52.74747474747475
41.09
30.34
20.29
13.05940594059406
7.777777777777778
3.910891089108911
50.656565656565654
43.46
33.45
22.62
15.653465346534654
9.676767676767676
5.871287128712871
54.77777777777778
46.64
34.75
25.17
15.98019801980198
10.656565656565656
6.297029702970297
54.57575757575758
45.09
32.02
20.64
13.96039603960396
8.151515151515152
4.732673267326732
54.464646464646464
46.67
34.44
24.17
16.306930693069308
10.616161616161616
6.198019801980198
56.90909090909091
46.24
35.66
24.23
17.14851485148515
10.777777777777779
6.425742574257426
58.5959595959596
45.61
34.01
22.26
15.168316831683168
8.737373737373737
4.435643564356436
55.111111111111114
45.87
36.21
24.19
17.019801980198018
10.737373737373737
6.0594059405940595
26.12121212121212
22.05
16.21
12.03
7.792079207920792
4.858585858585859
2.871287128712871
26.08080808080808
20.94
15.15
10.91
6.326732673267327
3.8686868686868685
1.9306930693069306
26.78787878787879
21.66
17.2
11.21
7.4950495049504955
4.696969696969697
2.8415841584158414
29.494949494949495
22.87
17.68
12.21
8.217821782178218
5.161616161616162
3.128712871287129
27.03030303030303
22.51
16.24
11.35
7.603960396039604
3.8686868686868685
2.1782178217821784
28.232323232323232
23.1
16.58
12.39
8.138613861386139
4.858585858585859
2.871287128712871
30.343434343434343
23.99
18.24
12.67
7.910891089108911
5.313131313131313
2.9702970297029703
27.525252525252526
23.73
16.77
10.82
7.594059405940594
4.151515151515151
1.8514851485148516
28.494949494949495
23.04
17.98
12.04
7.574257425742574
4.767676767676767
2.9603960396039604
76.34343434343434
63.42
48.95
33.93
22.356435643564357
15.515151515151516
8.613861386138614
76.06060606060606
60.54
45.55
29.79
20.217821782178216
11.454545454545455
6.455445544554456
75.64646464646465
63.12
48.06
32.91
22.693069306930692
13.909090909090908
8.623762376237623
81.29292929292929
65.6
52.34
35.97
24.02970297029703
15.828282828282829
9.168316831683168
80.4949494949495
65.1
47.72
30.38
20.89108910891089
11.757575757575758
6.683168316831683
79.56565656565657
66.33
50.02
34.78
23.722772277227723
15.505050505050505
8.683168316831683
81.72727272727273
67.45
51.84
36.98
25.128712871287128
15.181818181818182
9.534653465346535
81.52525252525253
65.85
49.21
32.14
20.534653465346533
12.505050505050505
6.138613861386139
82.94949494949495
67.44
51.27
35.58
24.138613861386137
15.292929292929292
8.712871287128714
50.81818181818182
41.84
31.99
22.36
14.306930693069306
9.767676767676768
5.336633663366337
49.42424242424242
41.84
29.75
19.22
13.207920792079207
7.141414141414141
3.9702970297029703
