0.6898188767024555
0.6689415219953528
0.6569382518309977
0.6553390739657614
0.6115346660474408
0.5907065251215631
0.5495121700261097
0.6922226094237011
0.6726277403188377
0.6734376963163033
0.674712615265559
0.6399551969287813
0.590531512482266
0.5528847762529672
0.6661126631629574
0.657909479726491
0.6411639445896219
0.6367442597204157
0.5935283710868066
0.5556545747293169
0.5536556102845187
0.700128006745691
0.6991804106269037
0.6922772726375404
0.6600634820211798
0.6482748043557126
0.6208292252798623
0.593711633284081
0.7214656888952209
0.7018457063846233
0.6928925164896073
0.677746720805785
0.6542043121941734
0.6308276777651888
0.5988206143769789
0.6928448732017602
0.6787250059129115
0.66762526740447
0.6525211245427627
0.597142359303998
0.5881841496925754
0.5565046318836225
0.7115496050500496
0.7160504986224947
0.6909997909845008
0.6797914621380808
0.65888088669391
0.630752679504639
0.5942522299395132
0.7293945638388667
0.7134972711636621
0.7026890665676966
0.6881142901632745
0.6571614447564382
0.6325731346101999
0.620151670912767
0.6908956207632704
0.68548977990218
0.6810630405527566
0.659636985150273
0.630787382704057
0.6057259551329338
0.5588115769498444
0.6269215793475772
0.6249985520582407
0.6017175917766314
0.6000565332472957
0.567870093929925
0.565156349903793
0.5703765482585759
0.6287056035892268
0.6147715516265512
0.6181186730315346
0.5995249832641948
0.5806332039353443
0.5520563004933661
0.533398845349535
0.6173853524547173
0.6112224160646802
0.5991516295727605
0.5830200762615262
0.5600249187426987
0.5158274343654979
0.5079308867508179
0.6451785690836676
0.6384428615496216
0.6351646711486795
0.607759079343519
0.5969701574118759
0.558379981999724
0.5600847383683727
0.6521084563666173
0.6274746427462201
0.6370487508802514
0.6320447636453224
0.6143747937964243
0.5859725601667439
0.5759509457872574
0.6305969826201423
0.6259281039558787
0.613017801279667
0.6032026969832249
0.5813023613549333
0.552614865695738
0.4864354230219176
0.6549006968149717
0.643590388081586
0.6492453261041695
0.6470413292848513
0.614054141152723
0.6003689242158515
0.5528331243076451
0.6563061052134096
0.662014122227648
0.6461339341154532
0.63288076437306
0.6118494840110115
0.596373826914429
0.588334357436741
0.6341460925910458
0.6339180755760438
0.6211785744203907
0.6010266479979375
0.5757246043060129
0.5550813303226249
0.5401008963625648
0.5574084959799454
0.5384344839061866
0.5445756608151066
0.5352598108466197
0.5281992664539861
0.5247507055730465
0.4515511546511079
0.5491696219112523
0.5379706442328508
0.5554387242109594
0.5321716076360968
0.5171933521282155
0.5051580997999475
0.43367887577557757
0.5403733014481463
0.5384365813957718
0.5385094421336263
0.5156522742606974
0.5315373623245923
0.5116734560317461
0.4316748370579915
0.5814744187164473
0.5532153442074721
0.5550392270077734
0.5623047224871219
0.5521041440582464
0.4806438644031221
0.45795803850777933
0.574113341227516
0.5509964825330863
0.5672114590685742
0.5762930553668711
0.546147463552292
0.5532532263816738
0.4683718531694955
0.5653749942938563
0.5550372313228666
0.5548826192882746
0.5321603618328562
0.5204474166668536
0.518532186097082
0.46913189158415836
0.5762228034447593
0.5812906649328062
0.5692788454578339
0.563360757121862
0.5466637654173343
0.5420334009308453
0.4869834495709571
0.5993309576815153
0.5708874068389169
0.5752291501007363
0.5738458841635888
0.5526471908257649
0.5549091686495912
0.4685892246369636
0.5686226952185528
0.5669090669316664
0.5430891207537677
0.5557714057658548
0.5579159327729291
0.48796247244741797
0.45438909909240927
0.6649165844643338
0.6483209811326955
0.6426637262624407
0.6287553295811645
0.6094703771368938
0.5954279945967473
0.5227123908557901
0.6716106540267615
0.6540964866999316
0.6594494134002796
0.636117225327929
0.608702187018628
0.5905492135271615
0.5713773628598409
0.6456158219476716
0.638309289715497
0.6241837913654981
0.5958922898887974
0.5716345364248937
0.5342818701308251
0.5081095282640516
0.6786960723956228
0.6686081340496542
0.6566610649568428
0.6561266268887219
0.6288337521293212
0.5722260307408183
0.5762866833542813
0.6902943116443996
0.6663239864067326
0.6736491065552823
0.6492899477790789
0.6337689382953278
0.6030818484076665
0.5615203475211809
0.6720493856851741
0.65843088784162
0.6441399667692673
0.6179242385659203
0.5897317444009545
0.5646926843040472
0.5573711991701221
0.6922853333989349
0.6789258197677109
0.6833566525184506
0.6425698313006005
0.6482535559321796
0.6131281755926853
0.5796451963831687
0.6935552098633755
0.6882720359556541
0.6772790045052194
0.6719465225322273
0.647516021779721
0.6120890455010612
0.5925636472558575
0.6696639487633783
0.6635154023884445
0.6571837930784179
0.6300188782855092
0.6268746301214061
0.5705439124542497
0.5679541162038684
0.6026799263614436
0.607319810787129
0.5792675602779962
0.5695085975939113
0.5419191412120054
0.5425542655392895
0.486979736938301
0.6068034765916515
0.5965500249107575
0.5972821914398071
0.5824772376144408
0.5491648295490767
0.5222608829938787
0.5249488014975783
0.5845388458632829
0.5694402141149466
0.5691708500109103
0.5542856922154075
0.5325490108144464
0.5004102135774775
0.46508212463067733
0.6195526607630181
0.5993795837389861
0.6041245099795036
0.6099993912595564
0.5893889267974161
0.5465862970925522
0.5338672380858085
0.6245822125030399
0.6166174939807907
0.6199877875364285
0.6117349374019342
0.5784678986949765
0.5444224345966658
0.5289037999963567
0.6075251013509434
0.6010768366502538
0.5988003933315538
0.5807593554335976
0.5538652086356505
0.5326027210566792
0.5354630065181518
0.6223999837947908
0.6285010943246288
0.6310257406171872
0.609763605480533
0.5826720475913243
0.5538139815666915
0.5351325251393518
0.6228952382087086
0.6236547729077183
0.6236484108081526
0.621383431288461
0.6001879739384313
0.5739870382075127
0.544575166987512
0.6200207990433726
0.6100203632550911
0.6121580896537384
0.5841596542016376
0.5654504679621434
0.541656312100155
0.5651366062934151
0.5319860382833145
0.5180123137045546
0.5040037071918476
0.5067687548963121
0.5259690024187502
0.4536891935821417
0.40989424438943894
0.5355362211456088
0.5270096698505522
0.522944366174572
0.5106174606477994
0.48113362294327244
0.5074586188648389
0.4306571966171617
0.5103654204545182
0.5188192013238865
0.5056936554367735
0.4870997064388658
0.49056496391250387
0.4593981793795094
0.42993770346534654
0.5457888787739354
0.5413250240682987
0.5346156376947351
0.5384529668997083
0.513871727168324
0.5098699346015096
0.40168425676567665
0.5471877187272278
0.5281347704471715
0.5454538108071797
0.5381138646745174
0.5175877553533703
0.5592476604701779
0.4428707706270627
0.5434070550544404
0.5327053316839218
0.518681266246742
0.5071681051659757
0.5132515498513752
0.5005414814806797
0.3363953804455445
0.5617422105385418
0.555843745292143
0.5548643684870687
0.5455069055240083
0.5390357308456587
0.5081718860177168
0.4428976908250825
0.5594378662253672
0.5558360775193978
0.5528652594331427
0.5347279522590315
0.5442088866796652
0.5335768142778433
0.42334888861386144
0.5522438942461981
0.5403291847348383
0.5567274026095631
0.5391604327475473
0.5348865990687586
0.5267508665993267
0.3302456806105611
0.7160053312633093
0.7097743323653237
0.701320596069369
0.690801661844227
0.6540552979381787
0.6185156404543556
0.5715811964408819
0.7190456797422007
0.7089586606989907
0.708020324430614
0.693109011738645
0.6655576545490097
0.6222563877436783
0.6050479942822033
0.6960419236541233
0.6951900106627152
0.6742690115245402
0.6541968983165318
0.6193786978349111
0.5881076800101699
0.5586037500585059
0.7381820471437397
0.7371783700294544
0.7268143926234181
0.6971806274808285
0.6687433460666808
0.6344798818661921
0.6276410064277871
0.7428746361849774
0.733448005039977
0.7360694101093656
0.7098707481110299
0.6807951313630423
0.6672254697336851
0.6319271529896999
0.7198780397597605
0.7057553991831494
0.6862708968996474
0.6700504288548791
0.624803971150449
0.6081203525856229
0.5645078150678144
0.7536569665486629
0.7367883079217432
0.7242739221154088
0.7073426636082136
0.6796553765462805
0.647034191184357
0.6166884650021264
0.7470619196189798
0.7454076751161132
0.7415551075884604
0.7254705443425435
0.6784962973680454
0.6696600755963309
0.6086107408208086
0.7269963302902004
0.7189761385170489
0.7027965698706216
0.6949117484462006
0.6529234509232099
0.6251180976582051
0.5899988234650567
0.6546921189091274
0.6426595916571309
0.6385685319607358
0.6229920281826182
0.6229668103653806
0.5862988637959704
0.5324414833439415
0.6564434795080025
0.6462155379752949
0.6412930711831072
0.6422941053659054
0.6130652512674694
0.6037353099746071
0.5921449136501865
0.6431993557066821
0.6278077199480285
0.6120706741936947
0.6120258571543179
0.5704419641883275
0.5696866814560005
0.507828645766541
0.6743495337156581
0.6584919160716908
0.66212005888376
0.6445543880816197
0.6098334223878664
0.5969511344178717
0.5592466842428353
0.67270230986127
0.6602572295920796
0.6703721011364948
0.6437365050649448
0.6260444529492603
0.6180156450109638
0.5861217379100768
0.6541851622181729
0.6452530862532568
0.6289187719726445
0.6243942319149811
0.6062654347935846
0.5473916907819627
0.5449141090419756
0.6970134692749557
0.6758319404683801
0.6683759759812373
0.6596505136958625
0.630096459459183
0.6139877026721849
0.5800826021002919
0.6870813968360258
0.6685174071823852
0.6898458157827827
0.6666575581349253
0.6570684927339661
0.6113943740067374
0.6029879210064084
0.6669233122841678
0.6530537394693912
0.6476448260419866
0.6273743024880026
0.6326930156335099
0.5879265841436765
0.6001976161030032
0.5686320217338189
0.5759537286002604
0.5649374479809948
0.5885296187350437
0.555405887013494
0.5538305322739298
0.4617803657590759
0.5876962029038615
0.5732126191204988
0.5704524434613888
0.5852596006938541
0.5771498409930718
0.5553915526599327
0.5361348980339462
0.5723021337798321
0.5626693288825142
0.5785694090014055
0.550606756768055
0.5368677210246436
0.5405731878066378
0.46761650957095696
0.5913807923962674
0.5979362206491495
0.571013592521343
0.590689721377486
0.574366001143488
0.5295354460398356
0.5046500406895332
0.5963680228001382
0.5945028891620433
0.5844786310929586
0.5549352862157728
0.5729299897361595
0.5499666800452941
0.49089219107142856
0.5906960774629288
0.5956517125257128
0.572159358471484
0.571264165747939
0.5594771176480258
0.5602259093374219
0.463126440796794
0.6004283081437508
0.5905847839832651
0.5863416003011391
0.5990535627866747
0.5694831176192732
0.5664896569162768
0.49882655822843
0.6037324212939671
0.6074322173177433
0.5790700348391268
0.5966256165668955
0.5825116557503992
0.5917883482475549
0.49327174371287125
0.5993923849740345
0.5911806745611315
0.5971847957212252
0.5772242422321713
0.5691969879923742
0.5218032812790604
0.5130517423950967
0.6991697759806647
0.7086713400179305
0.6972891854458482
0.6878502245456243
0.6497168784093539
0.6182732092909092
0.5906497115557408
0.699434232451426
0.7058038182888872
0.6949634449389795
0.6821481805202914
0.6695769019438319
0.6329173090983591
0.5893846495622008
0.6780337199177076
0.6743823900596776
0.6684343401388172
0.642733924713412
0.6252226868344258
0.5964077121364794
0.5791928734269293
0.7397545924227872
0.742670291146044
0.7451166271381428
0.7191433563611496
0.6958928636264676
0.6736827373995752
0.6348454972241268
0.750017960506129
0.7402450358047794
0.7374554590931011
0.7241076985177589
0.6891533226276408
0.6502860318804595
0.6572875502584078
0.721393532824417
0.7172443979538522
0.6950094127088083
0.6841298961004121
0.6686683222759727
0.630456001424414
0.5910441644147888
0.7556838290406293
0.7556649835757426
0.7454986114352076
0.7259848944950515
0.7117520331262953
0.678776158158342
0.6717068536668411
0.760929954922978
0.7645484058984677
0.7570055725317191
0.7314259001180736
0.7136781749432024
0.6794453789107315
0.6619430418252399
0.7500049842045289
0.7240429950588968
0.7173666397174132
0.7223143563045618
0.6714103154910661
0.6673654116496998
0.6393641756927585
0.6334950123445018
0.6400291631238065
0.6239225395547474
0.6292029835450395
0.5997524183560276
0.560996438712184
0.5445913517840218
0.6525095915562262
0.634229453752924
0.6214481845960771
0.6255513616573862
0.5952603083018525
0.6013198363214031
0.5513594613531353
0.624196688669053
0.6188064871064753
0.6092143465081823
0.6072802723177909
0.5765864246295461
0.5590069332653247
0.5187380336513376
0.6751927771897185
0.6681449809909041
0.671597708811968
0.6399870719130815
0.6282944705328317
0.6211655639477001
0.5915830036871901
0.6797564828063598
0.6750026441252642
0.6688606354777196
0.676231599427521
0.6281787972651873
0.6058558688388564
0.572195352539111
0.6597126492154318
0.6605598466737529
0.6383757474856222
0.640497614703433
0.6198470801078724
0.5907295456589313
0.577715263449202
0.6992667006512402
0.6970122331372031
0.6848526205018868
0.6686785754357097
0.6383540808626906
0.63389440382638
0.5798634623461769
0.6871966831344254
0.6889895909309572
0.6847869830466875
0.6717951832607072
0.6705087870259028
0.628851166930903
0.6285159823287604
0.6716903659288627
0.6645799890069859
0.663254710812201
0.6520754847277034
0.6453605362357658
0.6191910900593218
0.6067058400674217
0.5587936440209842
0.5716096803658854
0.5525622159385031
0.5571256846557681
0.5146671357214292
0.5066888432103868
0.45863712598302686
0.5587021445403382
0.5674685724324025
0.5520848762152798
0.5439860119876309
0.5321497817546755
0.5076187683597884
0.48418801660066
0.5546113518758263
0.5500975354560265
0.5550097685120386
0.5462284872302496
0.5397446546433022
0.5242585213644381
0.4674520708698727
0.5892459093382707
0.5993524996106572
0.5929799889517483
0.5846086892334553
0.5861876309458026
0.5872152579103809
0.5290720471074964
0.5873160148818114
0.5889417031790373
0.5904614491989708
0.6056655341877921
0.582280951943818
0.5758632380733161
0.42711658189768986
0.5815875220535308
0.5836587106125829
0.5942828966286172
0.5633128572694079
0.5719155867941986
0.5706561066017317
0.5083670209747762
0.6069185363033198
0.6141918332685228
0.6073952492982588
0.581346032928509
0.5916506653988449
0.6155902656719039
0.5641583706514223
0.6172560275243216
0.6048477108881745
0.5961621427850113
0.609959814624252
0.5780451925459111
0.5569711285954786
0.5406682268065378
0.6046457860870738
0.5926295681642322
0.5907661867669279
0.5813814784403984
0.5853416056632301
0.5399102746920139
0.562500028194248
0.6804545478083833
0.6718558773229162
0.6747002082294569
0.6553949481776462
0.6320308364252921
0.6278179698620874
0.5773834062940415
0.672203956699759
0.6808332840664061
0.6805883201182178
0.6483011014115279
0.6252611972640324
0.5917407660795014
0.5820222998667889
0.6553452010936613
0.6592120204796759
0.6428816991902119
0.631806630452318
0.5968908514951222
0.5957116305096033
0.548502273398429
0.7077458228937054
0.7133010238552877
0.7064734359186948
0.6783161832130189
0.6684654915686904
0.6502429655998955
0.6289042081831784
0.7041247268498565
0.711803897655271
0.6970702555132391
0.6909903979039642
0.6476398015873074
0.6571868819291334
0.6389151528943224
0.6982980526789122
0.6827889452568415
0.682165797405484
0.6623032486003534
0.6444019307720227
0.6341683299886015
0.5886971876113465
0.7302136428003146
0.7267311863207933
0.7254668025213898
0.7116869712054253
0.6732188215874098
0.6523499854547614
0.6079958792183205
0.725727772435288
0.730426650826912
0.7218329155676375
0.7154747095806967
0.7075706354043314
0.6384280169439408
0.616814530228031
0.7210450298875187
0.706501415602166
0.690691836365
0.6662355528972849
0.6616637123497938
0.6396081299146111
0.6027349653076902
0.608293711532182
0.6106601603192374
0.6045131077912322
0.5980787995850032
0.5794680178956012
0.5689615029481181
0.524702704248271
0.6044105992188986
0.6062554691695009
0.6086817646476126
0.601902428990035
0.5871731661552579
0.5523055251748996
0.5324804453366766
0.6042939646348569
0.5948248476175251
0.5823925628095519
0.5726396952748204
0.5603204092583416
0.5419972691595105
0.5393721362112998
0.6644725193807854
0.6448970236006987
0.6337190947406105
0.6273848763442381
0.6294733739227981
0.5928771031276121
0.5673786490988385
0.6499848447889182
0.6518404102322617
0.6342002160628595
0.6268975021842405
0.6171752445994373
0.6192639912898714
0.5980539265817583
0.6267058801821489
0.6263080137237843
0.6242437714536758
0.6160965158259497
0.6006545585845163
0.556570510864945
0.5606436008295115
0.6617264261560468
0.6711477698869781
0.6644787976569622
0.6571110508791758
0.636716625025948
0.6427710706458767
0.5887900925036267
0.6698934798662753
0.6675823953571826
0.6650691399748335
0.6418618098934123
0.6098048593620006
0.6122273305065277
0.6052237121583944
0.6449494182658867
0.6394537465691817
0.6403581073065537
0.6302838283823324
0.6197933896744809
0.5994233544350137
0.589371788819077
0.5296572288459565
0.5252828081614719
0.5394851221479379
0.5280229802307183
0.4919040921709547
0.5020687157845773
0.4556745044436586
0.5362145138432882
0.5130619163421566
0.5379504317541801
0.5453430003962901
0.5570020707946483
0.49963335432900435
0.406537899339934
0.5283550891046986
0.5194151897887799
0.5064863696784473
0.5220139849466109
0.5086830333231077
0.49365253212441884
0.4332746809783121
0.5737953051479725
0.5793382106943854
0.5645804850358508
0.5685056273685339
0.5582816541403276
0.5601354227445451
0.5001452962965582
0.5625061391605736
0.5753924750382317
0.5729535447880117
0.5813623045537948
0.5580883140356178
0.5435665252176527
0.5244082046864688
0.5675814034756018
0.5615351483980777
0.5573083064217504
0.5598759404683866
0.5528110191513257
0.5102330022101972
0.4994525316065535
0.587701925789048
0.5857013648822673
0.5933837860365239
0.5723086840489802
0.5633844170554584
0.566753961231961
0.52171244650165
0.5902809048449381
0.5904201773765283
0.5876249161638571
0.5875462650689645
0.585090333890532
0.5959599082371333
0.5228684099669966
0.5742453828253077
0.5664172112739895
0.5716781798418604
0.5743817839512835
0.5837759680587482
0.5481086631709593
0.5117285569833055
0.729988482994042
0.7356967874312386
0.7124220622801981
0.7074285590766572
0.6919594369143687
0.6554282763366625
0.6375089324301634
0.7364991183221483
0.7351276332748242
0.7128048453327385
0.6996786427505913
0.7038587022210983
0.6545540942917772
0.6282157549928125
0.7122214469779916
0.7071340821812416
0.7000219049588324
0.6916624842613445
0.669039117407699
0.6279707054656302
0.5790876257082143
0.7697477152180683
0.7682473189778207
0.7680574522059296
0.7396463999667479
0.7276897312480795
0.683129653033523
0.6499784654021198
0.7782246649491545
0.7642631354006647
0.7552182980843825
0.7525281069634773
0.7209884675508423
0.6974981866869031
0.6523121450052147
0.7498221014399798
0.7487848980140862
0.7410821975619756
0.7254345974291683
0.6785849489990675
0.6535563570923252
0.6129484561235855
0.7970536456728491
0.791025416067662
0.7759558714201823
0.7634387982413192
0.7298421922305331
0.715217865957705
0.6599608247479019
0.7875505045749359
0.8049239899267038
0.7834070999152992
0.7807811123604883
0.7447937051599058
0.6989142636045274
0.6896656236730617
0.7669645107407221
0.7598344564232841
0.7462887769867563
0.7289022921458057
0.7229090784623624
0.6739348540507465
0.6165424592701008
0.6639630785890013
0.6624855019838658
0.6556555640736302
0.6573168338628399
0.6284244717843092
0.6102714551300862
0.6289298376672025
0.6736528740114426
0.6662881220201176
0.6439603057664204
0.6550959836379623
0.6521784391364606
0.6248831088857889
0.5419262341489148
0.646103942359464
0.6546545220650715
0.6310388718547812
0.6229959900116492
0.606111562420756
0.5808809829995842
0.5696481178518539
0.7101266996735872
0.7028315367774519
0.689833400995791
0.6770803609522882
0.6748731581677072
0.650386858811773
0.6035163121472504
0.705643495948865
0.7113079413384223
0.6941144947465784
0.6601613346874119
0.6626815632568153
0.6483442909912366
0.6006699444312866
0.6859270437270312
0.6732161036847186
0.6667101389300457
0.6548908945556168
0.6464597437340237
0.6465541603113748
0.5988212523623572
0.725235867752029
0.7214319686656725
0.7117619702706243
0.7056980923230207
0.673293943931146
0.6723792999859307
0.610885190570068
0.7201960480168267
0.7220833666729571
0.7271478881097809
0.7029181256370463
0.6888454334054978
0.6432757328972742
0.608427191303166
0.7061587543414418
0.6893370964559732
0.6913465780326679
0.6767943420622656
0.6395255256818656
0.6440612200063697
0.6110899664232302
0.5962583256494884
0.5918063929025847
0.571784861504427
0.5868923804916973
0.5415364345083845
0.5503349960270818
0.4747714846369636
0.6038404087797429
0.5792163787764568
0.5714307995825123
0.5593272723345578
0.5819293464686469
0.5454161237373738
0.5254406188000943
0.5707627677160987
0.5703063222505839
0.5711881317710182
0.5706362662202653
0.5519617816959634
0.569713088473115
0.4594157021546441
0.6231895506901344
0.612221712710376
0.60514189282717
0.5904778317273274
0.6098792972880233
0.5873870521384171
0.5445555090304746
0.6196083611241955
0.6202367585226578
0.6279519829386495
0.608181571690855
0.6085966024860315
0.6304153102067938
0.4823192346416784
0.5992939358264853
0.6014306067583268
0.5979408381924789
0.581674308463316
0.5946881223814963
0.6086738250452942
0.5036516071758605
0.6481137911533978
0.6401883824373393
0.6291341347506261
0.6134295419590651
0.6058995485806229
0.6026371958504627
0.5622834721279271
0.633604382452951
0.643250785801298
0.6255542732555736
0.6039375250535973
0.6270407941628613
0.6245934957780183
0.47063258471947206
0.62026817426471
0.6154876167846351
0.611099423633289
0.6021477330023857
0.5976630802079906
0.558410470114232
0.5735694805822725
0.6992206200582549
0.6862431786111189
0.6687157824893462
0.6493739964471529
0.6382063909112266
0.6066067407549748
0.5961316222107214
0.7101300391292092
0.7031018167978292
0.6775798198417093
0.6775585925898787
0.6576999250589985
0.6327164711537052
0.6024784953954846
0.6831134263690662
0.6816275984277556
0.6600378224049049
0.6372348675071786
0.6133290914711371
0.5862245817095652
0.5278620476208145
0.7282201101919293
0.7173494631899509
0.7043104890668924
0.6910865607900846
0.6766395006241692
0.6491867523119627
0.6140713307489374
0.7345179462414757
0.7268715164941868
0.7158879465097
0.7035024752114794
0.6762625471612429
0.6344189817803314
0.5940816040752922
0.7048220206986765
0.6944935236275339
0.6838898898326796
0.6643366777966944
0.6407519816290626
0.6275288254241832
0.5638758677005211
0.7411284227755547
0.74522472972102
0.7195160083373431
0.6953181974177509
0.6695976657100183
0.6659758431418655
0.625973336901383
0.7342190364103859
0.7497066639640043
0.7348487228112439
0.7075336196263448
0.6841850516287451
0.6460682931258427
0.6252180153499585
0.7262396220060571
0.7033174401541943
0.7005704258991962
0.6795720644717166
0.656254785062241
0.6335899147112942
0.5941146813033749
0.6354857498668622
0.6169649521700397
0.6149226366019778
0.6064608664663451
0.5868920343490005
0.5629257195974026
0.5492981231953553
0.639515199906166
0.6445517020476101
0.6321986610297374
0.6030283062923015
0.5939510628461637
0.5657408313457922
0.5381895676052962
0.6210393830400437
0.6139353365216204
0.6032262870906381
0.59673047584884
0.5739576566741662
0.5459183399253569
0.5179282754121403
0.6543243486108868
0.6537257706388806
0.6484116528879079
0.6264485208915294
0.6092038809967142
0.599188358345464
0.594405567315776
0.6744861193833811
0.6611006448512032
0.6575952180614132
0.6369845596019158
0.6202796826518296
0.5634909136785576
0.5518910262080137
0.6407047159312932
0.6403303422112718
0.624088928877307
0.621423738315965
0.5912433296025448
0.5916565056301331
0.5281543257396977
0.6752929210195726
0.6659923260863279
0.6459074292915216
0.6425668695334569
0.6084341106024194
0.6106741508291158
0.5762653065424399
0.6795644780541286
0.665648893950656
0.6626698139456528
0.6398227533228499
0.6369337970190192
0.6301753207292106
0.5945871151327276
0.6527648059807508
0.6506758939588286
0.6350959186277695
0.6070133316019035
0.6060536717872583
0.602317048929934
0.5685017584745617
0.5527739588335129
0.5400081656035389
0.5528477204008413
0.5251713264808096
0.5215274213492319
0.528052710548122
0.4666546591419142
0.5675560461940968
0.5494448071422591
0.556383064292914
0.5335010868325075
0.5509967288432086
0.52005865509139
0.43874116886138614
0.5494883808883471
0.5547729853667629
0.5454367000802827
0.5097002575730143
0.514797246199543
0.48254820187109193
0.5113739781848186
0.5754297664263536
0.564377063112093
0.5804076882154631
0.5717249395230773
0.5763712786697035
0.5839094628364453
0.4994723512329091
0.5902837689408297
0.5904619420977985
0.5703915666591892
0.5536643064346162
0.574594991626712
0.49395338901154395
0.43566701381188117
0.5759506235169156
0.5642264899339277
0.562421586197299
0.5565894986777199
0.5605349241787861
0.5181020458168991
0.5121177170132013
0.5956619684306703
0.5706749492384902
0.5856616817137896
0.6068381621757147
0.562487650328673
0.5783195240459793
0.5323848190546913
0.5974238710016818
0.588717303614249
0.5908329096291551
0.5708098090701468
0.5696898774796106
0.5568748961275454
0.4903648298019803
0.5813286820596612
0.5858546284019727
0.5681865374884094
0.5547366086504646
0.5408230730398795
0.5380384559400169
0.48665511945073087
0.6665304501266418
0.6631387831344394
0.6483277550637234
0.6387198345957799
0.6162068982310878
0.597096469469918
0.5689131454538937
0.6753803892470274
0.6729474184734581
0.6479891207307431
0.6483474686138934
0.6245355087497516
0.5856754163899133
0.5617099270015793
0.6518682303959168
0.6493446720173608
0.6228280842225492
0.6021736872570943
0.6022737917265275
0.5775396063133535
0.5263711212564416
0.693734712514816
0.6835787926387791
0.6838601973428463
0.6512438576925326
0.6446042538938218
0.6074452819771218
0.5886045424366737
0.7073572810217081
0.6995742572100032
0.6947676519466125
0.6653024472507983
0.6435965593718994
0.5939503543418941
0.5934368427485496
0.6762546087262973
0.676450388647047
0.6544573622368458
0.651303423375414
0.614676346092907
0.5948846111719402
0.5588738143450855
0.7109779107693012
0.7055534596363183
0.6875325420723096
0.6813418803461582
0.6527501945546424
0.6051559788687276
0.6184231889641393
0.7200219089877311
0.7021664058637286
0.6905970156876678
0.6840311004845319
0.6734331550991808
0.6433537425920921
0.5827478549762146
0.6844293346852414
0.688187097435796
0.6713517433206805
0.6504153391555767
0.6479004543728419
0.6126338403457988
0.5655444005448759
0.6016515063333299
0.593648169622742
0.5902561095249588
0.5691420282001348
0.5532747535893249
0.5616191092093682
0.5241654864377153
0.6182460295448702
0.6078516720419902
0.5990075638359486
0.5724715109137279
0.5757854464312047
0.5288329030523798
0.48355948727669196
