0.4545748363620794
0.4473601570102302
0.44327797917506173
0.43427264107947494
0.43105606280710146
0.4146809686468872
0.39088099950865574
0.45592630605032464
0.4539212689501857
0.44837259496362664
0.4513370173876891
0.4374053350210914
0.428047394551301
0.39463674265268894
0.44310096834755
0.44246568417535426
0.4340789717339019
0.4215015227247544
0.41322116527562947
0.3939157527996313
0.38040133344931354
0.46399879551086237
0.46194527454789414
0.4526947480842037
0.4445919268484697
0.43239767739889434
0.41870134923962415
0.402186157306367
0.46644204545063606
0.4633340146267348
0.46380295851625325
0.4588156781265186
0.4437382288549499
0.4305945428735942
0.413845544173982
0.4557180720619482
0.44897312513802307
0.444446592287002
0.43537015180204763
0.42064780865883605
0.4043075141320559
0.39182528544620276
0.468725434862658
0.46689818150209567
0.45973076847006816
0.4558055460009737
0.4495624681434347
0.42614701759120394
0.40920043345629453
0.4747168192810682
0.47120035371608177
0.46513582326697106
0.46054438651614077
0.45121630505956034
0.43302798314410584
0.4188622101682514
0.4613746050159216
0.45588477247483294
0.4497819133297577
0.4406134176173363
0.4289134416525347
0.41076859376831326
0.40959255863330507
0.41936009893137105
0.4193926245721385
0.4157666501591028
0.40912049336771794
0.40159069780276324
0.38450772939003036
0.3922858032360095
0.4227897904814615
0.41806035138109754
0.42036025877849126
0.418157137535399
0.4065186797486491
0.39807741304396815
0.3811778903750372
0.4153962565408118
0.4108544311322955
0.4071031495320579
0.39981970807114137
0.3904527888072145
0.3728062567621668
0.3778764695251468
0.42950585479735487
0.4281340473066333
0.422319703314527
0.42327295218508076
0.41297960990511046
0.40275840868147983
0.38202122183643583
0.4337149900436306
0.4281886157059202
0.431267499925683
0.42543274470821046
0.4185183266831061
0.40872552506102927
0.4075187311660984
0.425436355945087
0.42107446850197067
0.41302388126616485
0.40961691782229276
0.40334604505619126
0.3889085340187417
0.37838485910092523
0.43620115224568146
0.4323570561358659
0.42778617644356165
0.42724681344065224
0.42070200884849746
0.40458986782737294
0.3939756842081644
0.437313368500294
0.4323230817242812
0.4361344274903005
0.432910734854649
0.41992195183161585
0.40943052715225114
0.4042551785251628
0.4278512365537156
0.4239172805232236
0.42252263145619673
0.41513616104585727
0.40849290377905795
0.3943770127140218
0.3837607747480313
0.38521696126420607
0.38220051800078036
0.38089366093007837
0.38105086422045203
0.37003485280001447
0.3763705737433465
0.37571664086839174
0.38225152505157417
0.3763002065261402
0.3779283792332051
0.38525152929147216
0.3730252888209022
0.37136097864640116
0.3678655986303392
0.37550854403088335
0.3750154200821595
0.3794116055869731
0.36971917869316157
0.37024557779531964
0.36943595128104917
0.3709260268138258
0.38985420176378277
0.38946183751291774
0.38822067593710874
0.39117294258422886
0.388186441268705
0.38700723427253636
0.3803544418738975
0.3936180855841774
0.38665640494996695
0.3942367257114012
0.38611435439061703
0.3867733890750165
0.38671398304914467
0.3845397030781076
0.3852402785665133
0.38640815711452314
0.3813720430168776
0.3781372676874495
0.37219158041460154
0.3715901221790718
0.3731194738743189
0.3974670659859156
0.3980650270163821
0.39348245210954663
0.3943759622946949
0.3910131452104971
0.3865027955237035
0.38433318273979894
0.39588105085609865
0.39828161970553255
0.3934340086531523
0.3978008374607981
0.38836199593631415
0.3991938239403248
0.373701397155439
0.39503094496269114
0.3948525892880674
0.3905594781217359
0.38429353369624225
0.39054880437176615
0.36947647635054254
0.3864743433759246
0.4329869601575821
0.43154557556882106
0.4260950566277575
0.41848014715059206
0.40578262733724446
0.38953870662862583
0.3768942060872409
0.4352229681912748
0.42932997139327184
0.43144863733542815
0.42752488430550223
0.41913977765403027
0.40845743726311823
0.3866900174356254
0.4247673118091427
0.42213445082323486
0.4161225744979869
0.4067535197486645
0.3993471550467652
0.380959013699042
0.37146083361344756
0.44559285828275935
0.4425636919321829
0.43688312846629357
0.4338328313263511
0.41657529622198664
0.4075851180537233
0.3964325458102539
0.446108878232044
0.44068695703639915
0.4414765037635693
0.43698407094934055
0.42078956619550156
0.4130619101496364
0.406337173975686
0.4342849956308544
0.428235610896662
0.42802090730862546
0.4180594096734395
0.4055180940310393
0.3922936277330465
0.38068860808883687
0.44652515789709085
0.445131024330227
0.4429112144595734
0.437037523857313
0.422138613999961
0.40636009420463653
0.39794470617953953
0.4515591798645052
0.4491103750088118
0.4471563355031288
0.44434395867281934
0.4349000466172505
0.4242817409016398
0.40148871929717284
0.4426410879786343
0.44014177339726723
0.434616582133387
0.42398814224024745
0.4105848082510237
0.4000960761393097
0.39179786714749293
0.40106431484297356
0.40373362944697866
0.3953035134918899
0.3982599154540848
0.38362385600101423
0.37213641884018384
0.3677017981268042
0.4047658405660319
0.3971633413728477
0.4005843365326138
0.40233227422385787
0.3891252765098648
0.3804311507177599
0.3747214124546029
0.3955410388092608
0.3958063263626231
0.3875363981914579
0.38305097446282643
0.3731568776676198
0.36331492329251497
0.3644137656278166
0.41262905650799353
0.4113698906741549
0.4089831674310759
0.411456169595324
0.39187292986254385
0.388443347522162
0.38079145931917835
0.41670188111320744
0.4123196657051275
0.41163923127187524
0.40784306014021565
0.4020298967933078
0.40146593039440964
0.3842668895298478
0.4039999888588736
0.40724957158551206
0.40154175649599777
0.3926872501474644
0.38429198389775127
0.37750511765427563
0.37985719550259445
0.4179212261607579
0.4158789678520266
0.41645071391211624
0.412464782411059
0.4023315022534002
0.39570147672318506
0.37807832423650695
0.4219231091642541
0.4190162442938935
0.4159906877396372
0.4150008967749011
0.40845881669343087
0.40410652370456557
0.3919644176918024
0.41206995592519824
0.41045519619136756
0.407805766715124
0.40399094490749704
0.39231778198715345
0.38759877015797656
0.3919455904602306
0.36971088994151186
0.36502509080754175
0.3677594077545912
0.3640271881311525
0.361359043587463
0.3649822070424564
0.34735671706733295
0.3671752681788253
0.36698666078593756
0.3659552626814776
0.3659658363887796
0.359573850213104
0.36283379393264686
0.3393883390540022
0.3611958831676181
0.36153936116100616
0.3591316462233511
0.3497600776656127
0.3499954569737121
0.36172435748091564
0.3522312382608204
0.3764314497976811
0.3730304614345668
0.3776837630851038
0.3773583709091931
0.3699068267435184
0.37592555410852807
0.3829652066446362
0.3795751342608217
0.3773155019675755
0.38028727136148915
0.38374751828388176
0.38409202569186596
0.36876287473696046
0.35374721864477054
0.3714097889391938
0.37319307589519424
0.3749914742380127
0.37146587065163866
0.369117760826086
0.37208717461819985
0.3426585289867381
0.3816850056283204
0.3844349103502981
0.38237772235334944
0.37797673058430176
0.38257137876315883
0.3770967487766921
0.38358499441749144
0.38126916367930935
0.38154090527674944
0.38394516247175203
0.3862547449296522
0.3840519321845855
0.3809678516002384
0.3660663896687961
0.3819328184011619
0.37787502006045004
0.3798092964886443
0.37885371510070825
0.37468060117087154
0.36899102521747346
0.3636676833191093
0.47021644904400284
0.4730815836240284
0.465881720769983
0.4614527204227947
0.4481344699885436
0.4188391306724195
0.41032102220077554
0.4766981419504981
0.4727677721571136
0.4699047868041986
0.46565983149966483
0.45263243094205224
0.4403560030218395
0.4154694789477505
0.4614892892131716
0.45896330152158116
0.4476809850220158
0.43818698525148664
0.4302700536562075
0.41847034526486476
0.3999274016008
0.48450213599289754
0.48264137701498117
0.478465380907551
0.4645030286993054
0.45476970139631767
0.4334994648182574
0.4266456889605286
0.4873735556121703
0.48369213613802564
0.4811843676971263
0.4784146789083745
0.46627773744002915
0.4464319322551932
0.43113842026322763
0.4717230455307154
0.46759361727954313
0.4605711451071
0.45209802107193725
0.44000778716193484
0.419897896987633
0.4054962843230497
0.4903857249178812
0.4880340218436788
0.48000665096841444
0.4778428764935155
0.4606995851211204
0.4373428230449716
0.41979648289030086
0.49486569819329834
0.48913460271527426
0.4873781975060114
0.48098322661089893
0.4704371922621493
0.4564897799878482
0.4393777513612613
0.4787518223188124
0.47788667583965444
0.4698970071141394
0.46174469983716165
0.4462413827772762
0.4275212113920029
0.4151484105110729
0.4362637418997178
0.435892588265087
0.43293117719799723
0.426413768846173
0.42011301331483114
0.4053974436613408
0.3958537991046793
0.4407507837026698
0.4380422771418179
0.438078323696249
0.43719236442865006
0.41691498360255025
0.41578799878206735
0.39752570479116583
0.43134313884168257
0.4272623377245261
0.42212566575567384
0.41088317339956937
0.4023424717019376
0.3949185024472692
0.39715118131370636
0.4494077911938845
0.44856604626322927
0.4357938452697375
0.4415058367511967
0.4277454957671754
0.4158289653963223
0.4010188428802605
0.45215211940268485
0.4470904422122618
0.44913866184736334
0.44869164522710697
0.43213410633508487
0.4237283923680741
0.42069860115406077
0.44132415371068134
0.4411622658399344
0.43590928678028446
0.42695620721035377
0.4140209615151794
0.4074156264922019
0.3999141913408424
0.45433382501243863
0.4508011597750707
0.446606590642882
0.44451624420088026
0.4324292537926629
0.42154941872358465
0.3995927284124022
0.4577063976411119
0.45643143242715056
0.45233371902417846
0.45336583922676277
0.4390198295301444
0.4272583359711695
0.4183641550232261
0.446687711998354
0.44600682348769155
0.4379059690396634
0.4304841020415457
0.4204602544886711
0.41001792087186795
0.40893206103019814
0.39740607578271964
0.3930650184064611
0.3939112966187832
0.39614683039467197
0.38818944218294604
0.38952644616047594
0.3912554311005216
0.3966974222762323
0.40197127591233034
0.40133894833674444
0.39450721940148337
0.3948048178393562
0.3856334904248268
0.3756448623569492
0.39394445804804157
0.39160454740657774
0.3875151819606991
0.3895658380263067
0.38442102127274475
0.38174986273516964
0.36734667055486747
0.40670232661446254
0.4110217119776032
0.40738361796039785
0.40250709720365824
0.3935369234405628
0.39369080754064634
0.38796006653689463
0.40670272183924594
0.40838038887442146
0.40580090271734554
0.40536623983238884
0.40027392033469344
0.40217879049677424
0.3860939680090077
0.40143874048837497
0.3968874217100195
0.39656811559076266
0.3933665774366719
0.3920067658061338
0.3850855783309312
0.3817285766500433
0.41412540538341464
0.41042295978454746
0.41000700848816346
0.409013320957402
0.40421755568440754
0.3843744945527122
0.38671528280542006
0.41620784085978463
0.40990850537193035
0.41578286915879176
0.4166452129453467
0.40743873406279923
0.4036390355446627
0.4000064129737835
0.40952512817692216
0.40159750225803004
0.40232639529876685
0.40249733967348517
0.3861704685165601
0.39799312224145184
0.3839730819941717
0.4582006217174492
0.45843008524636836
0.458410885094519
0.4516657203736197
0.4403953556686023
0.42886511928895454
0.4152472821717292
0.46197380732997184
0.4609365964298812
0.4643269089889676
0.45683046197175486
0.4419353451884925
0.42437232052742624
0.41243223220404684
0.45085362661390693
0.44691805862730277
0.4433980331948583
0.4382734929806443
0.4293127177018407
0.4068736312684421
0.4029437873492912
0.4807641890260134
0.48202733066228887
0.4818874576623338
0.4733932040142498
0.4565000486678107
0.44955703851207973
0.4310939422879856
0.4849464503360291
0.486545261215632
0.48309085930217605
0.4741542951441952
0.4635835465525357
0.4413548039417934
0.4344260947936234
0.4685309071337173
0.46547993946368527
0.4654028688842825
0.45907397218103846
0.4477430965015409
0.43343014763499377
0.42128926809532724
0.4940360727403646
0.4943692131843755
0.4861828019159006
0.4828998198298143
0.4696815397382252
0.4598206853731214
0.4378060520950768
0.4969701228994535
0.4961825034961907
0.49081052465617525
0.4882115491470899
0.479290359427761
0.46114363111297996
0.439138200020284
0.4791592765669871
0.47655837919275945
0.4768775379918578
0.4670081590598871
0.4629612521796045
0.44248449704715787
0.4277067968166932
0.4317674104077558
0.4263466930084912
0.426207342939001
0.42132391067421954
0.41496920548437155
0.3998803272651674
0.3914517416337114
0.4313155743402484
0.4331274339062447
0.429683366822922
0.42254991267953446
0.41938961604293173
0.4077206658981458
0.39215691297020355
0.4210116906609795
0.41538811554894345
0.4156561309574808
0.4160553935567573
0.3982898891215948
0.39335558432418727
0.38713530642128147
0.4481927451426869
0.44573243934427853
0.45075741866260144
0.44497179458452796
0.4419371289100545
0.4237894221348375
0.4167169110927496
0.45224225405876955
0.45285098697807596
0.44737777714785865
0.4505541741128928
0.4435654525753542
0.423718929917601
0.4177641942229525
0.43988291729461326
0.4349191950322979
0.4320521319630749
0.428029721540377
0.4254801163406868
0.41508729935409294
0.4002706458850832
0.4582540691335544
0.46329725646067066
0.46232860183867885
0.45035515561764344
0.43770307966355076
0.4324214831402845
0.4159708930346779
0.4571290820076778
0.46157365286057245
0.462133616862962
0.4533179252048209
0.440327032114427
0.4276769934812708
0.4303728495386606
0.4479576865833324
0.44628210718145767
0.44032805578972206
0.44030246471555473
0.43347275943584956
0.4264156097624768
0.42478856104712104
0.3901517307579462
0.3907794424616057
0.38395089455964054
0.3821406138018652
0.3815615315509793
0.383419513216503
0.3795047856490656
0.3877049219032819
0.38916925784920053
0.38925541336145736
0.3807698999304224
0.383367532870244
0.3776798922692313
0.37111173534449593
0.37892490094997
0.37986492737534855
0.38254307026434353
0.3781200505299672
0.38333150871573873
0.3872062087096759
0.36718040528081847
0.4079742710859338
0.4049783909654734
0.40354361637001934
0.4027143844722325
0.39853663574163795
0.39363284936878823
0.37834395732128173
0.404829448220054
0.40597084919387766
0.40567909312933353
0.40207206834666676
0.40518991560792167
0.4014661933211402
0.3991956189855535
0.3965911850986846
0.4006641396435198
0.3954884937253734
0.40453134933650714
0.387083285448746
0.3917705032925077
0.3819394198866144
0.4157405574820844
0.41348412125506484
0.41490011897135237
0.41605758326087533
0.4117605689849257
0.39276091261518425
0.39644626303200325
0.41489207174467424
0.41969074677425466
0.41477108353358455
0.4200967733547726
0.41824439593008106
0.4126211024835948
0.4123414639517451
0.40646024760393706
0.4082557932548068
0.4074170293817061
0.4090637535786997
0.40024966775160364
0.403769942775365
0.3992589700720709
0.44373501958762746
0.44001480167268
0.4358852954772928
0.4330243623985177
0.4254605401395977
0.4079080279239985
0.39346885625949196
0.44079444071656537
0.44376119546193615
0.44081159925207897
0.4406015533855154
0.4221084753524827
0.4148115600998129
0.39797517655290837
0.43574879317877885
0.43186556396264175
0.4241220990811558
0.4202541967780259
0.4092785922889356
0.39986952172652296
0.37675583717208644
0.4582170649503337
0.4634194100478554
0.4609746650736264
0.45398125884292495
0.451392911276662
0.4412245976186931
0.4191357548846369
0.46075609469867124
0.46789011568286404
0.4604360791309448
0.4552078758831879
0.44526877407368964
0.42933475660938125
0.4182038478559605
0.45048117918656305
0.4470187889021954
0.44468651614719834
0.44425382917452444
0.43179009666311596
0.41392526829944876
0.4024030086810394
0.47313455498087814
0.47274859264029223
0.46826174786802205
0.46440992687755583
0.4555043636890086
0.4405759037270835
0.4306677218948497
0.47426492513988777
0.4743518775909965
0.47249798354192685
0.4667353283682934
0.4605944370022607
0.4430766541983903
0.4269545938147525
0.46206349852657813
0.4566235730840351
0.45809206878146547
0.45136319848300005
0.44003080476454826
0.4311450513619078
0.41984596414781705
0.4082713097070707
0.41049197889866607
0.4131935835806363
0.4045576861034782
0.4031891135327539
0.3850296171989809
0.3840373144382691
0.4063514969350686
0.4110108721390106
0.41262726616445233
0.4053578315489536
0.4011379306566443
0.3880722448381858
0.3821987535465884
0.40191162084468657
0.39784857128201345
0.3963680201051794
0.39615921167137325
0.3867480786378549
0.37349168844619646
0.3713242291618975
0.4262296309447024
0.42966743157338105
0.42665280677596756
0.42598192458280354
0.4193108550186997
0.4135648539846121
0.4021601816761933
0.4314806984469265
0.43307349380894
0.43337729019288984
0.42435439000820596
0.4224039947746353
0.4111491822546499
0.3947273875568817
0.4227885158068699
0.41758857779591607
0.41710243158210214
0.4118309066614935
0.40446713110840404
0.3985943135623159
0.38719915957562084
0.43865728611451316
0.44405653609388696
0.43360368776857383
0.4347237444019894
0.4289772415254147
0.42035049224376064
0.40040553029438664
0.4422293259266936
0.44366527793282706
0.43818814001193895
0.4380041238477571
0.43122021641121644
0.42160057367280707
0.4277592111521203
0.4339621062539137
0.4256843662494901
0.42912281898156984
0.4222355143880411
0.4214167179910498
0.4100376963832527
0.3942730187994641
0.3696569625277822
0.37178057636914147
0.3750807080615073
0.3673045261647542
0.3653884316490625
0.36401233265951943
0.3720833943244329
0.3717525703587936
0.37858369244021745
0.36701730818651357
0.37682247179475553
0.3755731567616667
0.36928281351930214
0.3621577456707125
0.36699705320456777
0.3704480456805498
0.3649595365918809
0.3651195674287635
0.36759980678542836
0.352874352551456
0.3657668636475191
0.3913544107130403
0.3840184645589254
0.39294892548870697
0.39063943571320664
0.38339495236949866
0.3728410367221161
0.38856353771312435
0.39523014988873617
0.39488032743696266
0.3969675175279165
0.3970411445544147
0.3871070401803852
0.38943661695097526
0.39175391799644166
0.38868397763619134
0.3852030600774959
0.3792887892129342
0.38549712777482364
0.3872519734169159
0.38294037904999073
0.3873943204714907
0.4042212648903034
0.40307989244922526
0.40150111401449395
0.40244431149587134
0.39950850360126694
0.39690714931980453
0.3916904683990944
0.3969348106360953
0.40605633208739966
0.39625502048924505
0.4022641299579781
0.4097099659424096
0.40617556830823
0.40050790339638936
0.3960072158477062
0.39670315910938003
0.39251763500980397
0.39865255934884153
0.38981342175687017
0.3906634830811151
0.3848909530449791
0.48589477929586444
0.48246628448568457
0.47957625608531773
0.4699934001176674
0.46072508226178877
0.44816809203730784
0.4332674330024946
0.4880446151211499
0.48829522654541463
0.48153547174288547
0.4736524208297832
0.4593216504302854
0.4490381421183361
0.4355942063508375
0.4735560565111092
0.4660965612726518
0.4654066722163784
0.45882796040662355
0.4408179617835407
0.42560793781688333
0.41563844432703356
0.5045920685845074
0.5050462914777164
0.5021003762049374
0.4886125323995337
0.4783184556301834
0.4736697426565277
0.44572644192092215
0.5065113720017165
0.5138254287017883
0.5081591466226903
0.49366301370550025
0.4904214198805014
0.47136037500864686
0.4450651998865007
0.49488826808292985
0.4891147450776585
0.48417326161506247
0.47796704223072367
0.4676827995900986
0.4446845996169722
0.42351062835936737
0.5141618965879359
0.5138053446323964
0.5125436528476623
0.5006783555576738
0.49442849903569497
0.47858216778932205
0.46440246190488677
0.5151676305910081
0.5179392485701787
0.5181472509290797
0.5079256062497699
0.4965047103093103
0.4843110245633205
0.4592892016812203
0.5009065503384862
0.49637086653020346
0.49492271907691765
0.48770612825889104
0.47564973445240727
0.4591308854768799
0.44101206569316004
0.45027896969879233
0.4485357440431754
0.4450948984009203
0.43457141127696436
0.43081856326759943
0.4218431114027513
0.40834851334262967
0.45003006958035685
0.45489899869807154
0.4466945667919802
0.4421839875237519
0.4388323241717981
0.4179796328612735
0.4200994233724394
0.437194445214665
0.4352676632273305
0.4297153163156532
0.4310000804990868
0.4203094429849623
0.41057363885445014
0.4018162528786793
0.46761443066870534
0.46888161396230493
0.46751822623252337
0.45812753202141215
0.45513379804183274
0.4479332545326701
0.4268267517962715
0.4681074075991114
0.4658342773759979
0.4708360968573496
0.4648797860222158
0.447319415771039
0.43983400705530945
0.4372605995163207
0.45687473405306883
0.453494103346073
0.451816500528678
0.4501112286110526
0.4382000767127121
0.43848350715898554
0.421993116020271
0.4773460219717775
0.4764476875907651
0.47303618787836155
0.47686973077816086
0.46248088042338253
0.4555696158599385
0.4359236819611594
0.4777513088818426
0.4806097716344476
0.4796671359355601
0.46990769778337027
0.4669106498351247
0.4480487339080635
0.4392025106202256
0.46838576188722564
0.46243146745418245
0.46238332804940874
0.4518454101187311
0.44903802674537474
0.4296594218528939
0.4163683234055206
0.4045884950882312
0.4070647826234678
0.4046627088849575
0.40806601508595053
0.3973532655217687
0.39900448601718214
0.3909008447675609
0.4041969269685354
0.4073243523863343
0.4082197158665285
0.40483726790928803
0.3950610448759103
0.3936619419173277
0.3806840368440506
0.3993670314746177
0.40024275152055966
0.40160355291761474
0.3942945650317285
0.39198482676763047
0.38465616979717343
0.3691736593953881
0.418052757649054
0.4251761196302262
0.4171711526370656
0.4201037444196632
0.4161545787134652
0.41480820543418956
0.4005402577684607
0.42656443892354967
0.42651143778539335
0.4252320153156155
0.4196669471362662
0.41133504767232226
0.4127585717138498
0.4172990671804174
0.4150026607512309
0.41227965028463914
0.41222424541713737
0.4149360134939471
0.409574610053437
0.4067940615792489
0.4125214187532123
0.42982699878113706
0.42957316664770984
0.4282032747826051
0.4308511973335312
0.42340100071681247
0.429018721871941
0.4070966439968179
0.4285409077781463
0.4280810666371809
0.43536948960711913
0.4341656649335154
0.43258661690604094
0.4270677444564193
0.4057449276760725
0.4252928851136856
0.42268877525816606
0.4187215729635556
0.420838690961417
0.4155509598990502
0.4172084397532598
0.39526865018792673
0.46233358878538017
0.4570293576822507
0.45075560209542204
0.4468449450297515
0.4334517075022971
0.42016483568485763
0.41036866995585436
0.4645578820713892
0.46329803714017737
0.4572023971091198
0.450326300649543
0.44462043219979974
0.4197571407501377
0.4039894547616755
0.4463687936066715
0.4478149096715681
0.44002664674072184
0.4322756151817804
0.42199165075187917
0.4008039878350277
0.3952485652938031
0.4751868332673878
0.46865099442625313
0.46579961770537764
0.4544942839635585
0.4470200856842716
0.4354155398972498
0.4283488474639588
0.47798362651699644
0.47511740803866487
0.4754835191778259
0.46379530773831024
0.45471660842152506
0.4434540901199944
0.4274608030550967
0.46225034528401066
0.45959720300326884
0.4550123778028467
0.4437336798094728
0.43552443623977927
0.4190615891878835
0.40070636525337644
0.4831417675235076
0.47576395669873006
0.4751838697099553
0.46572010381813117
0.45526139695615586
0.4359990180953309
0.42236352984571396
0.4834203761918741
0.48691041326859663
0.47430200541015827
0.47239771782039225
0.46229207842694214
0.4468694473746931
0.43297659532495125
0.4703097285940345
0.46833038802611265
0.45704641281870084
0.4497945922714549
0.442087646623599
0.4265046276265792
0.41184987528256267
0.4264643370397058
0.42244167850522407
0.4164724200564418
0.41013358252079096
0.40237354417926635
0.3929979958708233
0.3910331362600761
0.4303745227740082
0.4323782555198594
0.4276318930302489
0.4204696896554724
0.4122572120360285
0.3936187149956999
0.3777850533595144
0.4189452542248315
0.4128131968384113
0.4083777640573294
0.40427606323538545
0.400901226884634
0.3898712370527657
0.3714030423688847
0.43836275403412805
0.43649751469933074
0.43672506366291713
0.4266150089257276
0.4172001644866627
0.41840418061322165
0.4085104564676394
0.44244791000395534
0.44157365559153816
0.43154538194760045
0.43599547976586484
0.4229894150265414
0.4221606286636316
0.4042266930691221
0.4278880172817237
0.4315623905141901
0.4231054781955962
0.41462315736401273
0.41396367298200853
0.4016753303416687
0.39151326408736464
0.44918206453798987
0.44565053878333766
0.4385878471211075
0.43726614266708713
0.42591153113355257
0.4205548046740914
0.4075137880918421
0.45272620255026824
0.4497415945038534
0.44692712348983366
0.44353305510196983
0.42952744788909436
0.42008226656101505
0.4027288112017841
0.43779116598455947
0.4330170672441628
0.4313786014305907
0.4228496777601396
0.42392051801454256
0.40576458187802295
0.3930723354536462
0.3877919298272794
0.38169260837253105
0.3857251121376965
0.3796263901846001
0.3850604929319701
0.3764744874770597
0.3713764021612318
0.3884283986931255
0.3872859549951142
0.3867899423314081
0.38508672303318925
0.38210623984263115
0.3803864074262016
0.3643411141982619
0.38143709173323964
0.3803684544588895
0.37893224957742533
0.37567439112010687
0.3726880747501219
0.3744545150380196
0.38502137102092654
0.39688900080444306
0.39711403696001135
0.39251262028175465
0.3900134163885107
0.3927831139974542
0.3847943980528245
0.3730580765067686
0.40160963633151964
0.39759590073414086
0.3982985228422064
0.39851846925038564
0.4018745714651781
0.38966607675601034
0.3979828850614905
0.39359679988912155
0.39620041309736853
0.3883044101071929
0.3919110579225581
0.38726911386109375
0.3817608187898287
0.3668364724404685
0.40508861081371883
0.4002841455387642
0.4011541582886548
0.3964254269906516
0.393629679355837
0.3930931448711131
0.39632450964312677
0.403511679319044
0.4077755061907986
0.40072185100105406
0.4033016527624725
0.39754464412646234
0.3853458251018127
0.4032090370747897
0.40029213965848104
0.3969370630479917
0.3983628569926054
0.39253774213645864
0.39079119860965605
0.3892861143912263
0.3805941453340009
0.44326964035183125
0.4356875846786911
0.43023757437353227
0.42868855850388454
0.4172412586353808
0.4046127776641729
0.3933745049913482
0.4448307130844305
0.4420798396889751
0.4372818260803561
0.4302636688205663
0.4291726067972684
0.40874164593125223
0.38903939272440763
0.4262617311413712
0.4301748692787484
0.4223304233448742
0.40964717525061367
0.40837909676095546
0.38780208276779177
0.3705644338707704
0.44938530475869976
0.44869485226447
0.44556421942125213
0.43967599209196956
0.43660449949140595
0.41676365216002204
0.40245729709930916
0.45906446979812365
0.4551158821937368
0.44639426614174016
0.4443323803535008
0.44200119615520267
0.4227948759302037
0.4046614802035756
0.4443159232761436
0.4397804726683644
0.4344311393958801
0.42756000311995945
0.4191657192631205
0.4043960015741776
0.38478594217068346
0.4608132775835034
0.45732459101295164
0.453840398006326
0.44987372434399703
0.4429993251282342
0.4325478949397276
0.41732261347906546
0.463780985938181
0.46044054002675877
0.45404326226003916
0.4514926229882421
0.44585819340404564
0.42510245374870714
0.4005205266049721
0.4486195106628591
0.44928955624322847
0.44279280461507065
0.4359099699829085
0.4334630824000308
0.4122123177514315
0.4013168593486462
0.40443011175622484
0.4073387877478155
0.40418619401561273
0.4010409625816763
0.3948573171816921
0.37667793647308795
0.3754177201023393
0.41154572751492535
0.4105912095127506
0.4056802652723777
0.40253503174875893
0.39849448256267317
0.3983963318898475
0.3728930805417093
