0.9915357453396723
1.0074700035088855
0.9667319310528575
0.956146468712048
0.871584105467618
0.7992685955157637
0.718532610042433
1.0281989769798956
0.9931114750305309
0.9821998973900095
0.9432532242812435
0.8774518535132084
0.8103089128579445
0.7497804726921262
0.9790451190018079
1.0048521835079287
0.9380826715973933
0.8724299276190324
0.8678835812008205
0.7419521997170844
0.6442251427392739
1.0515884119815488
1.0254396975515774
1.0102738918051581
0.9651639120748864
0.8852876656010984
0.8486576028919351
0.7349625429278642
1.0520868238359677
1.0344770699909964
1.0428701363562953
0.9784508435784968
0.9718851295171
0.8585653161415746
0.7336753176544082
1.0208294274122147
1.0176594719075185
0.9649862542238195
0.9191714164104431
0.8447369019166311
0.7985289906971957
0.6831190717821783
1.0640779893456227
1.0484220080021682
1.0251400172850667
0.9768873094412106
0.9623865896661095
0.9227004366300366
0.7665253321428571
1.0553131280836143
1.037465781822015
1.044891132161384
0.9797526054394912
0.9606746605307125
0.8768247721566312
0.7532959650518625
1.0431345608593632
1.003742185019853
0.9695684721456449
0.9815662474525315
0.886771769422044
0.799672497582171
0.7276637229372936
0.9105716951442226
0.884545346968758
0.8801205335413721
0.8118128997965728
0.8209948099399226
0.7076067927609428
0.5695418877227724
0.8995107406814634
0.8923717095093897
0.8582404749532061
0.8627259799403929
0.7852549516588088
0.6680461183501684
0.6106864488448845
0.9024194802855513
0.8518485570632941
0.8660367424154939
0.7996852255105036
0.6923225246923979
0.6695720173936334
0.5194131656765676
0.9275207471183725
0.9251352256743385
0.9204387866053466
0.8663272184814769
0.8574666898168387
0.7280826464526214
0.5972134234323433
0.9501920592071188
0.9121430719700304
0.8995129868973427
0.8902012667795814
0.8357528768711157
0.7448249491678692
0.6130088700141442
0.9189921971169537
0.8933367284346444
0.8997867555905489
0.8235305090735348
0.7711964627572263
0.7166273285473784
0.5547417900990098
0.9528643872765222
0.946297905900854
0.9246445083386354
0.8859666977657704
0.8231624590942307
0.7117962653318903
0.6117974520462046
0.9426488684243809
0.9402179286290783
0.9566528702894508
0.9131720831854756
0.8437763972007912
0.7886450086868686
0.6507641719471946
0.9499683990030386
0.92425141152579
0.9060953482018581
0.8806227910988261
0.7555987067170288
0.7013742507776176
0.5693148536303629
0.7556649574222942
0.7726965842284994
0.7590366138235932
0.7245729463452381
0.6363542561056105
0.5171809123737374
0.2588414156765676
0.7319129631491124
0.7449315038672439
0.7312442795551225
0.7063385149630952
0.6561185300660066
0.5514055717171717
0.3867656184818482
0.7621067064601337
0.7127950769873016
0.71664059175
0.6332955734928571
0.5982727837458746
0.49967971818181817
0.2993749785478548
0.8030392469069787
0.7780249040061662
0.7420244386029305
0.69266773435
0.6611097866336635
0.548655258922559
0.30941695297029703
0.7809654761771968
0.7834995039002525
0.7623059129460317
0.7762508190317461
0.6447300998349835
0.530285451178451
0.2997285775577558
0.8041016825838811
0.7929492223921356
0.7698467483825396
0.648800476154762
0.5751196673738802
0.44937603602693604
0.3220941198019802
0.8154973268372283
0.7905287149422883
0.7888378216939035
0.7449228771623377
0.6525462615040076
0.4952447109427609
0.36905046551155113
0.8117608415310067
0.8109884561656397
0.7674642099193721
0.7423033587357142
0.7101511922277227
0.5590668653198654
0.3917221468646865
0.7962083126444262
0.7749186045344238
0.7707785589035714
0.7628242355119048
0.6108764958628006
0.47230216380471385
0.2717765943894389
0.9835295305888557
0.9418250656033855
0.9199221758093384
0.9358611361310126
0.8127856591779978
0.8014951973657207
0.669816790504479
0.9734371211331906
0.9613591961238535
0.9477208902009825
0.9034417324665353
0.8531498701648049
0.7960251371011705
0.6890825887953796
0.9486257804733614
0.9505904742802889
0.9215202279091812
0.8560436539518952
0.7852008950700701
0.7517455208441558
0.6298743501119755
1.0158334490861434
1.0017487502112952
0.9643312675157337
0.9480444264175725
0.8753634517453944
0.8218261836735488
0.663173823960396
1.0053199353919957
0.9978124586298504
0.9954948523533542
0.954495413085328
0.8728850537721383
0.8639790891782473
0.7374410316674522
0.9791844152660709
0.9539901721693256
0.9470262752000249
0.8817225728927599
0.8581224852666471
0.76985674800137
0.6726716079985857
1.015464243556392
1.0142135146818176
0.9921165559607776
0.9619241362563856
0.8842484000939382
0.8763778250928623
0.7211263120957098
1.030205347273156
1.0088415801206294
1.0062692406286253
0.9717142205980038
0.8696739245907171
0.8326469507624223
0.7776525836869401
1.0048588118871271
0.9879720655071748
0.9449381475477443
0.9079102658722961
0.854685453013576
0.858342897965951
0.7028416817538896
0.8705742060144394
0.8508677620209626
0.8256939319568214
0.8391857448876126
0.7713477143040292
0.6768278313892897
0.58175139339934
0.8889073466746433
0.8707926809948006
0.8703922541310619
0.8117808961850234
0.7638103478205679
0.6881722226022126
0.5758664769259783
0.8465215810677225
0.8408967066541834
0.8155317206879938
0.7839963855476689
0.7317995716711395
0.7423472230832132
0.5075088202970297
0.9142460115520274
0.8822273273442741
0.8596824969797087
0.8624901338283244
0.7538897089283215
0.6937466969672919
0.5989215036303631
0.9006361051163981
0.8856991647464294
0.8695725629492371
0.8317191882997446
0.8111200182211434
0.7443164237614237
0.6502886519801983
0.8564558145462575
0.8353692318040189
0.8313819134943894
0.8276278183221223
0.7881463623998113
0.7111654448172197
0.5264111179867987
0.9086332626943714
0.9141330781477683
0.9002631487310212
0.8647494739831113
0.7795346280800249
0.7815151305074555
0.6214314151815181
0.9100133864606387
0.8814545504938326
0.8868018028798812
0.8758141598507716
0.837847936828683
0.7721347235401637
0.638962907920792
0.9032622961387219
0.8832547042910364
0.8697083190938898
0.7863778565260907
0.7643982535991097
0.6886266605579604
0.525187881376709
0.7283252351289259
0.7183539103680707
0.6970696160257576
0.6637478699392497
0.6223479519000472
0.5108608828282828
0.3110316366336634
0.7455029281716601
0.7168937598409535
0.7016098012389221
0.6824082623400792
0.6310555789438943
0.5080484611111111
0.31632525198019806
0.7421556155547006
0.6847938341689088
0.7021335632537878
0.6699676129119047
0.5823297040759076
0.44938793577441083
0.2363219381188119
0.7609141771070497
0.7470709687008658
0.7377494495080086
0.7230641958333334
0.6961338133899104
0.49105091885521873
0.3204894815181518
0.7740118462041647
0.7681078763859476
0.7131624762476192
0.6655612669357143
0.6581548962399811
0.5554574907407407
0.3129720207920792
0.7284657135634123
0.7485174535560275
0.7376967281544844
0.7023357762261903
0.6227656929042904
0.4141509681818181
0.18342353234323427
0.791788887109288
0.7577806965634534
0.7336861118998058
0.7420006008023808
0.6915275873762377
0.4320333206228956
0.290891104620462
0.7718671372974024
0.7394901115416497
0.7729824824273451
0.7389868317726187
0.6769367641914191
0.6150069577104377
0.2794653881188119
0.8000342560720145
0.7747482663803834
0.747846962217782
0.7081114199293651
0.5781472891796323
0.4594384898148148
0.21243581056105607
1.0544831436561652
1.0276312136771175
0.9950923396587241
0.9949078387555568
0.9267548657850538
0.8626587447075369
0.65606529990099
1.0491899434067447
1.0356722074898679
1.0286695650726612
1.039219630497304
0.9094791069230327
0.886731819694164
0.7772439802640263
1.0513003425294543
1.015261470963412
0.9874937821440305
0.9197076267901321
0.9110280417309586
0.7652687485882637
0.6935749495049507
1.075816618823657
1.057762584842098
1.0218566083980116
1.0228792201885064
0.9688969201205451
0.871383758068783
0.7318234201485148
1.0931797787434174
1.068786704460611
1.071211858076024
1.0346778905979142
0.94068785022688
0.8828089031168833
0.7760479595709572
1.0505377359073802
1.041316844257565
1.0134381475222436
0.9617945134186564
0.9358473430996671
0.8710355900673401
0.668820409240924
1.097466454137541
1.0758119200197942
1.0711333605543931
1.0116266034053316
0.9080901643136899
0.9219676182197153
0.722965795454974
1.107995666035221
1.0998598418647072
1.0859633491286913
1.0313971374159598
0.9992422112997233
0.847124420780824
0.8206055431683168
1.0640655584291727
1.0382251664575086
1.027666621817159
0.9646567448014346
0.9308640084943495
0.8190023896945647
0.7468127358168317
0.94423153445333
0.9540524443308165
0.9039928021898831
0.8937604543293485
0.8398506938889245
0.7428749455266954
0.5791847894389439
0.9632754630928818
0.9179175305128133
0.9219125603327505
0.8694459108459597
0.8743800498459845
0.7901138982924484
0.5947625656765676
0.9292485702273809
0.9309109662453915
0.9189206129828886
0.8531733140746753
0.8112557557289015
0.6538267044612796
0.5098088109735973
0.9803645946511451
0.9905957710597939
0.9536551431425907
0.9350087163376845
0.8588256618556855
0.7538414690572391
0.6127301055280528
0.9701618442334808
0.9890695322806051
0.9556726941337246
0.9177366841862957
0.8556978308148672
0.8135669225637324
0.675508853630363
0.9572329698318369
0.9256236578205563
0.9391743221693405
0.8549332877039071
0.8004996209853128
0.730715355916306
0.599233696039604
0.9707369320127119
0.975132354950452
0.9647811957644046
0.8840541867617905
0.8625487372850856
0.784664248881674
0.6148639405940594
1.0085958094673724
0.96854526584275
0.9730304547286157
0.958942463199606
0.8675484491770605
0.8428441865440116
0.6271513234323433
0.9645583152752976
0.9588486002842604
0.9587269722365522
0.927405617651543
0.8115241647972654
0.766393853006253
0.5148407028052805
0.8010541893819229
0.7839363007619768
0.7583581364543651
0.7138468540531744
0.595950259240924
0.4403630781144781
0.32514138465346537
0.8180165160781772
0.7897905885179487
0.8094004341230158
0.7158196183452382
0.6714830455445543
0.4931568955218855
0.3572197062706271
0.797039305266549
0.8047106496100288
0.7792455545939393
0.6957085928107142
0.6078405239273929
0.48207081885521885
0.3040982260726073
0.8369469299144767
0.8097288375723304
0.7973687945000001
0.7638211928666666
0.6756111504620465
0.533279414983165
0.35803697854785477
0.8610179939446415
0.8216103311922798
0.8298786608321123
0.8088493549761907
0.7239089022630834
0.5032003181818182
0.3723104224422442
0.8377953688957787
0.8007048558486126
0.8003172881047617
0.7082267528809525
0.6967195433993397
0.44028634040404035
0.23860167821782177
0.8243489768474932
0.8189056443125675
0.8077161250052307
0.8051761130853174
0.678428138755304
0.4908924271043771
0.25746518811881186
0.8614189348274846
0.8038763166096403
0.7875245470015872
0.8094900370468254
0.6187277721122112
0.5588589053872055
0.2941274240924093
0.8109760417754721
0.8214199487712844
0.826536117459127
0.7258797457809526
0.6211940476072608
0.43882151767676764
0.31902898679867986
1.0179157454828935
1.011457562507659
1.009394383891893
0.9864634999156511
0.9365156677844572
0.8519348458978674
0.7550171658981611
1.0245926735417519
1.0272889594739547
1.0128983216928034
0.963542384792474
0.9388687265252238
0.8130914972222222
0.6844419959570959
0.9922872884597514
0.9842389986165074
0.9876699975035241
0.9385373442128756
0.8827435543144261
0.8187431316093111
0.6825226710671066
1.1012803713327362
1.0564850809912505
1.0715526690566402
1.0274058540960427
0.9726978808678669
0.8825072481962483
0.8012808823738802
1.097846712083434
1.1006323988364322
1.0550615663676335
0.999748044155436
0.9661787557152143
0.9000295559578468
0.7632601103724658
1.0700584843389223
1.0555566853283278
1.0344845771565638
1.0220121397111692
0.9147573062361509
0.8082801927208594
0.7796395213507782
1.1193870906394963
1.1270633897450377
1.0990985529475703
1.0875586373760553
1.0057571614116303
0.9762027059924641
0.8906674122583687
1.1328920440909547
1.1196309721608895
1.0925806003143035
1.0979070494223053
0.9804911407774515
0.8915498104020728
0.822948328019802
1.0904507723222603
1.078922090924467
1.043295734047817
1.0449336600997174
0.9767504155504784
0.9178658220129868
0.7862051118316834
0.9267738583596993
0.9259358570575829
0.8932787183515984
0.8766090129884171
0.7742446278131387
0.7165357781144782
0.5925712397689769
0.9077900344382681
0.8723984155634485
0.9111153046201741
0.8322060800952381
0.8277407782563256
0.7514078075084176
0.462158539768977
0.9065532711925631
0.8832925512458304
0.8772816990222566
0.8218356715335166
0.7953513448982399
0.7673220719288119
0.4778520757897217
0.9526724081090359
0.9608706704894346
0.9457980998745221
0.9020025184136005
0.9213343428414269
0.8164350747955749
0.6317134890264027
0.971436560674129
0.9743366170476275
0.9504028318258824
0.9340732826300865
0.9022191879679394
0.7915665590235691
0.6259084537953795
0.9475746377601539
0.9187912572523426
0.9140135391768217
0.8942731274095601
0.8765667652982442
0.7746423841750842
0.7012090320132014
1.0111984168118358
1.0035105408564537
1.0174891053512791
0.9438810279769453
0.8917949564195706
0.8791621293220808
0.7311503683569072
0.9900216579442624
1.0067435895038577
0.9836415279462204
0.9782303801888222
0.9101462078029232
0.9162428759932659
0.6247009490924093
0.9905830651129259
0.9676057234215878
0.9492218589183641
0.901376103705686
0.896886564102196
0.7929087538720538
0.6773937561056105
0.7611179114045216
0.7841822719207792
0.7164644505634921
0.6869540604666666
0.6290091369165488
0.4343259745791246
0.41239188448844877
0.7686885338619043
0.7519017026999998
0.773782846547619
0.7116722823095237
0.5678135066666666
0.4516348060606061
0.25700487623762375
0.7866037044802953
0.7202688596186507
0.7823887406055556
0.7342777047380953
0.6489675419330504
0.5716322187710439
0.3519880495049505
0.8395741592243613
0.797523568382906
0.827952877115368
0.7845812692841271
0.6930113506836398
0.5952979544733045
0.5179918990924092
0.8533502418506351
0.8567112270215008
0.7745048901011904
0.7897826015999999
0.7446686722772276
0.49096018838383837
0.4071557231023102
0.8232080442103313
0.8290314790710123
0.8068847952890333
0.7319645934190475
0.693039951320132
0.5842869286195286
0.4193518768976897
0.8686869826451411
0.8392315451506631
0.8785836384307416
0.8035976098571428
0.6966129942951438
0.6657961999326598
0.5506830222772277
0.8623198694374089
0.8178451838815407
0.8019514165753968
0.8022239300690476
0.6750378699669967
0.5213054268686869
0.29743092739273924
0.848632756783158
0.8198131200710678
0.7993045298297535
0.7609748414585137
0.7631378069306931
0.5921007207070708
0.5321399400990099
0.9954008962154384
0.9913959777690584
0.9386564455857278
0.9240235363039219
0.8871828157927469
0.8478943396608946
0.7137066293847242
0.9935229102393943
0.967361242167909
0.9354937615689516
0.9234614913584137
0.8874947048307688
0.7992957209988776
0.636844494719472
0.9816489805795499
0.9609036048343167
0.9217060363638611
0.8987231140204499
0.8063352983472165
0.8054114580645925
0.7073532807559328
1.059773976846027
1.0442539615629804
1.028840561727989
1.0010114557408905
0.9484657761057123
0.9091929630110631
0.8461607940240453
1.0292934420760993
1.0594385642096367
1.0337571024935928
0.9756776579131367
0.9377178835543856
0.9277095255098606
0.7545257481023101
1.0131482592736374
1.011542636599862
1.0007645805064138
0.9775213961787061
0.930584936890304
0.837575601308722
0.7573999905068363
1.1070374785313406
1.0846843706938918
1.0339979644578257
1.0264911445677825
0.9606609147906179
0.9842249024020506
0.8807025404384725
1.1032193444314855
1.077466994460223
1.0390077193109546
1.0385206960426865
0.9693460405158991
0.8823430899991985
0.7391844800330034
1.063636026926193
1.0425138855715266
1.0059939724663496
0.9654749383592299
0.9165635663244731
0.8966309954763729
0.8296988452043061
0.882520600616357
0.847179067777154
0.8471103628109558
0.8384787619003745
0.7934054447755132
0.7285022364430015
0.6689477004950494
0.875011420557932
0.8726310707745542
0.8772470454137304
0.7811259568997114
0.8123221451909477
0.7337134108465608
0.5209004290429045
0.8500859435405831
0.8519430155014563
0.8427780267967764
0.8055233441525417
0.767335645621562
0.7277128636868688
0.5964179814945779
0.9406078685544657
0.9508639253449566
0.906808250239962
0.8699568336194833
0.8750845960926451
0.8060868146336381
0.6965894696204622
0.9410060904155455
0.9172870917276732
0.9415950684227512
0.9098498534857726
0.8385881872025773
0.7950944120971623
0.6256180490099009
0.936778780530931
0.8919969804338537
0.8992561550144287
0.838644401789014
0.8177753777635979
0.8175187280904281
0.6403287008015087
0.974535527773404
0.9446439210383378
0.9486961431796612
0.9339646169881148
0.8873979059767407
0.877156883957978
0.7789129004950494
0.9424388121388464
0.9660895433231588
0.9413331335167919
0.9058078336871601
0.8728392902050918
0.7583950395622896
0.7050710409240926
0.9377265019475821
0.9295375578484735
0.9258856891893378
0.8814931037412311
0.845391480134387
0.7798597904280905
0.7003581250000002
0.7414858265603308
0.7209693901274892
0.7118243813150794
0.7151107074166667
0.618997154502593
0.5721892922558922
0.42112948894389446
0.7152637956516437
0.7382620741154402
0.7157207628742062
0.6963890516666666
0.5484708371287129
0.39755003164983166
0.19824409339933993
0.7335510699844795
0.7409028582738968
0.7221886589341269
0.6653491627301588
0.6273978830033003
0.46018742676767677
0.43682412458745873
0.8081043224919087
0.7820236418665167
0.7798443975172438
0.7256694501571431
0.7238358739603961
0.6543710975589225
0.4683693014851486
0.7901839337545926
0.7972706700852855
0.752152110946032
0.7199434624960317
0.6508231952380953
0.5345044548821548
0.35883570049504954
0.7861780835557813
0.7451818913179434
0.794728344550061
0.7608106151531026
0.7085846530763791
0.615729197979798
0.432090361881188
0.8096414208123739
0.8227611639396062
0.8208525620713284
0.7623048652809524
0.7813988306459216
0.708681984006734
0.5153696130363036
0.8107898418098176
0.8233024240490064
0.8032867928765874
0.7849400849285715
0.7275858330975954
0.5334320104377104
0.3941169488448845
0.796589856987278
0.8150412220579306
0.7994179473334998
0.7946007336590186
0.7234421684582746
0.6183412316498317
0.5575623176567657
1.0813549032703011
1.0751661561069645
1.0403166248927724
1.0648985378597597
0.9422082831654595
0.8710410314995188
0.7196891516737389
1.0990624952199513
1.0615708615835684
1.0530370693049587
0.9912994346327921
0.9571198273691656
0.892514617540885
0.6270479891089109
1.0629684799979737
1.0227478548953155
0.9958271692473398
0.9795628182852008
0.8996730684352364
0.8116534672679172
0.683901309290429
1.1248682317122687
1.1378222240692337
1.1332839149445868
1.0591406435784796
1.0741398372860997
0.9968096278563414
0.8453539723008014
1.1205556436104236
1.1418070683086352
1.0982779207575568
1.0457710852479243
1.0149764464702185
0.8811796646524772
0.7703091307637905
1.0914428711230477
1.0580218671871853
1.0627510823983581
1.027598564326854
0.9800579133015087
0.8712255913852813
0.8589194111598303
1.1727775108122311
1.1376645962020864
1.1389196880019774
1.0902886028692906
1.0802479472981583
1.0274826407852695
0.903571024115983
1.1487537694018695
1.165176871812731
1.125175548467439
1.125794242477528
1.0448123934500593
0.9839083471180057
0.8158046706270627
1.148097863000624
1.107094962775385
1.0969405215739911
1.079556894747487
0.9846228296329962
0.926929041125541
0.912177435596417
0.9836747334471365
0.9772876207639887
0.9560177367284105
0.9269426762449939
0.8654067179167917
0.7950080315055316
0.710968885148515
0.9940257699065466
0.9609811493415087
0.9543423791878122
0.9441579182452383
0.8883184330763788
0.7085184109427608
0.4189458013201319
0.9498494302437114
0.9544165126668528
0.9209087860599205
0.8578287877702742
0.8050935092998587
0.7001835464646466
0.6217469094059406
1.0394364944552166
0.9954807894405618
0.9952450000656669
0.9578783610298451
0.9307089341643092
0.9152884555820107
0.6616608112211221
1.0426458747189915
1.0068657093024735
0.9832333242177406
0.9655719484214287
0.9299520651815181
0.7990997176767678
0.7333268904290429
1.0054355068677079
0.9815423806115624
0.9712048471993394
0.9804315279363636
0.8809661085914664
0.829077733826359
0.654634135148515
1.0405415089138568
1.067217841518594
1.0113959659678038
0.9538650857531746
0.9196348666478075
0.864828373080808
0.7680273168316831
1.0119134761902182
1.0549621841296006
1.0177643468205377
0.9901113979742061
0.8675975825750432
0.7868178829100531
0.5654761831683168
1.0230487047288666
0.9975164750225428
0.9772417842515495
1.0089411438298201
0.9033253660930378
0.7886703331168831
0.6611034450495049
0.770643355503848
0.8027190407383837
0.7583897934293651
0.7247774088206349
0.6275307511551156
0.5292996663299663
0.37051836963696366
0.8525863114687275
0.747621086650794
0.7880682952261907
0.7556737712333335
0.5511916745874588
0.4267514814814814
0.25113807590759074
0.8527211451975802
0.783851728595058
0.7696442585734127
0.7780943424880953
0.6972788768976897
0.4234866813131313
0.32595986683168315
0.8539643314711327
0.8144080112778501
0.8838242477527471
0.8054286827777777
0.7399855185407828
0.6633174171717171
0.4628624026402642
0.8330200927601411
0.8751733294613997
0.9295026739747475
0.7337666459166668
0.6062000665016503
0.5264000715488215
0.38176975643564354
0.8344413406357839
0.8389661195072025
0.8298813095028861
0.7964827675416666
0.7135162376496935
0.48813954057239056
0.36832424240924094
0.9000284841087363
0.9268819765303751
0.847567575200577
0.822851793940476
0.7378506824375294
0.6385049301346801
0.3276561879537954
0.8998058377621087
0.886846613922655
0.9060946577460318
0.7539503961904762
0.7144384309523808
0.5733900954545454
0.31330149504950494
0.8796447103134912
0.8877126152514792
0.7989542973738095
0.7735669450821426
0.7539653885855727
0.5018148894059644
0.4221722425742574
1.0129737057737125
1.0097387243053408
0.9977492424951593
0.961351817904209
0.881775679749824
0.86347026164422
0.7373821927157002
1.0297775563805762
1.0411803146451504
0.9791027251685095
0.954500184025383
0.898518413608361
0.8418159671608947
0.693993351980198
0.9980724439071059
1.0065009126907583
0.9478700229166624
0.9079334715337724
0.8434478717157978
0.809436198688472
0.7979550129812982
1.0528116464542574
1.0707837324416298
1.0350831311786055
0.9722150309891413
0.955081078046129
0.8341434856742023
0.8476579559445231
1.093508841856781
1.063647096891653
1.0051086703727812
0.9935445733904258
0.9625553879648677
0.8783460371051789
0.7593728623644507
1.0304690758541675
1.0348008332341418
0.988624125344035
0.9492588193916418
0.8990772604774763
0.8555586293306077
0.7849261827361307
1.1021314195294147
1.0717912281664166
1.0280254533864774
0.9987500380066615
0.9212718466115766
0.9254701991638609
0.8180303142008486
1.0851492622646433
1.077341993701953
1.059779375276151
0.9922506034072921
1.0250333119320447
0.8900750807768159
0.7201406485148514
1.066079729043089
1.0457829076809484
1.0071635534522645
0.99182540980657
0.9078101674326916
0.90648856719058
0.7719754791607731
0.9358406960572788
0.8840624836734517
0.8894045944110266
0.848340573885483
0.8121153258580858
0.7352011961279462
0.6246844714521452
0.918200370526052
0.8967559399946629
0.8750939089751436
0.8500807248037516
0.8437084000942952
0.6972073985578001
0.5263544511551155
0.8728509666118208
0.838295141321928
0.8593135150204547
0.8213354084913616
0.8129597515724428
0.728322387950938
0.5696813509075908
0.9678846777280968
0.9376729805126512
0.9124313721211837
0.9058148047762313
0.8355626261792607
0.7384471397907649
0.6802045495049505
0.9667535959665765
0.9655671394255428
0.913691704445653
0.937717862779193
0.8796581436193619
0.7159161071188069
0.6402967289603961
0.9310464745024288
0.9220442278921105
0.8818758600512718
0.8727613601849018
0.8506415629722615
0.7289623067340066
0.6936058434700612
0.966635178484855
0.9517227030578326
0.9333859948169586
0.8994423608929861
0.9118776856396353
0.8499273344973545
0.637320614191419
0.9805439639193274
0.9787303918198856
0.9538616639218699
0.9295422616428572
0.8787774522787992
0.693660558030303
0.5321340205563413
0.9394369728794886
0.9514501453010223
0.9018690478884427
0.880205580378788
0.8336790659308073
0.7062072900240501
0.6564317471475717
0.7831965830777108
0.7761135619743869
0.7796477434734128
0.7239571933412698
0.6459468728477135
0.6315613943602693
0.4179166128712871
0.79579638462769
0.7682071713325311
0.7935123871406928
0.755582774595238
0.6448396782178217
0.46943618400673404
0.3080631079207921
0.7541252414219738
0.7191006128280941
0.7702194589673519
0.6724805555000001
0.5904955979113626
0.5583867212121212
0.31071142244224426
0.8235000933155369
0.7651137451866745
0.7794972350573953
0.713595237061508
0.6253104248939179
0.5700230023569024
0.3929916937293728
0.8258362406713545
0.7897290929411576
0.8093444743797619
0.720935348547619
0.6801660968175391
0.42782731860269363
0.26991749570957096
0.7851860452131986
0.7937400758561688
0.7658479044834998
0.7421771703309525
0.7041012418788308
0.531656278898509
0.38141722871287137
0.8339633381410959
0.800545581766675
0.8257185398282827
0.8082357600666665
0.7130649065299387
0.5278723335858585
0.4056151683168317
0.8157647855866244
0.8209971890086218
0.7599589652373017
0.7727919578095236
0.6928597085808583
0.5652955906734006
0.3170669585808581
0.818207154225264
0.7973262938527028
0.7774975902539318
0.7429261939166668
0.6358080872552254
0.5799430734006734
0.36165909174917493
0.9907312620103138
0.9825825062398319
0.9434437702332374
0.9186092808838084
0.86860251472861
0.8101939580006412
0.7164895891324846
1.0117610347898416
0.9825192561606562
0.9776366279027328
0.9308909408052088
0.8880408677429529
0.8120517335377585
0.6692287066006601
0.9544994194635333
0.9556095416495242
0.93218230475996
0.8642848142103503
0.8244362094532118
0.7828044128988295
0.6756030895308817
1.0137393805917316
1.0199371916052546
0.9885513104950888
0.979091596354283
0.9117912903177132
0.8908934070783314
0.7501225808580859
1.0385607294208359
1.0404891985437266
0.9659260397156568
0.9905403027378493
0.9373405260811437
0.84427316828363
0.710629815535125
1.0004628008531793
1.0095611803721412
0.9561607684549606
0.9376642132412502
0.8625218820967947
0.8473231456680804
0.7749076240311172
1.0480607900077317
1.0165943083728772
1.02519885924901
0.9777080885151125
0.9072808676536335
0.9066073275673373
0.7867905264694326
1.0697299584335644
1.0473109366637063
1.0107924122848218
0.9916259993260041
0.9417726119494533
0.8983132222182139
0.702159017491749
1.0162304414063867
0.9874476953135338
0.9815894211703725
0.9127762457611855
0.8776815304623568
0.8507245039478366
0.8047178724516739
0.9070462844058841
0.8647378941184768
0.8294111614851372
0.8289798391992176
0.7457349351487457
0.7111841693434342
0.5849870496699671
0.897748052650691
0.8702923974892607
0.8578133808933512
0.8229686689662254
0.7807524455484834
0.6348804378066378
0.5730800349834984
