445.3939393939394
372.97
293.5
210.34
135.47524752475246
78.28282828282828
44.76237623762376
438.75757575757575
369.64
281.89
193.14
127.00990099009901
79.92929292929293
47.08910891089109
461.85858585858585
378.55
270.09
180.32
117.34653465346534
72.79797979797979
40.75247524752475
459.09090909090907
383.14
304.82
216.32
137.20792079207922
84.21212121212122
45.396039603960396
459.2121212121212
381.14
291.91
201.53
131.04950495049505
81.16161616161617
47.51485148514851
483.27272727272725
388.55
281.66
189.87
120.78217821782178
75.79797979797979
42.2970297029703
471.04040404040404
394.07
311.02
220.78
139.12871287128712
83.28282828282828
46.0990099009901
463.25252525252523
390.59
299.39
204.88
134.54455445544554
82.33333333333333
48.81188118811881
492.5353535353535
394.13
285.77
191.83
123.68316831683168
78.29292929292929
43.75247524752475
295.010101010101
243.58
195.38
139.05
86.5940594059406
52.81818181818182
28.138613861386137
293.4040404040404
244.85
187.26
127.59
83.29702970297029
52.01010101010101
29.92079207920792
303.83838383838383
246.69
181.15
119.34
77.95049504950495
46.4040404040404
26.77227722772277
310.8686868686869
260.3
203.3
146.13
89.60396039603961
55.282828282828284
28.257425742574256
308.5858585858586
250.49
197.74
134.94
87.79207920792079
54.656565656565654
30.257425742574256
318.8888888888889
260.04
186.64
120.64
79.89108910891089
49.5959595959596
25.455445544554454
316.07070707070704
260.71
208.11
146.26
91.33663366336634
54.878787878787875
28.99009900990099
309.949494949495
257.19
200.73
135.68
88.31683168316832
53.17171717171717
29.88118811881188
330.1313131313131
263.1
189.33
125.5
81.4059405940594
51.09090909090909
26.980198019801982
145.34343434343435
120.58
93.12
67.87
41.87128712871287
22.585858585858585
11.801980198019802
145.67676767676767
120.4
92.43
63.6
41.64356435643565
24.32323232323232
12.782178217821782
151.2828282828283
120.91
87.29
57.97
35.277227722772274
21.383838383838384
9.861386138613861
155.4848484848485
127.26
101.73
69.54
43.0990099009901
23.696969696969695
13.029702970297029
151.59595959595958
124.27
96.84
64.69
42.07920792079208
24.19191919191919
12.554455445544555
159.05050505050505
124.28
89.31
58.84
36.83168316831683
21.171717171717173
11.05940594059406
156.42424242424244
126.36
100.84
71.27
44.46534653465346
25.88888888888889
12.524752475247524
155.67676767676767
125.97
99.18
66.31
42.524752475247524
24.32323232323232
13.306930693069306
160.16161616161617
128.19
92.14
60.94
36.54455445544554
21.97979797979798
10.881188118811881
429.8989898989899
359.56
279.89
200.86
125.06930693069307
74.43434343434343
42.51485148514851
421.6666666666667
353.8
272.47
184.15
122.66336633663366
72.76767676767676
43.18811881188119
447.93939393939394
358.16
257.62
172.73
110.26732673267327
68.13131313131314
37.396039603960396
443.90909090909093
370.09
294.3
205.29
128.02970297029702
76.06060606060606
41.86138613861386
438.8989898989899
367.64
281.6
191.17
126.04950495049505
76.82828282828282
44.722772277227726
463.5050505050505
376.37
269.5
176.57
112.74257425742574
71.07070707070707
39.98019801980198
451.0
375.28
296.1
210.56
133.31683168316832
81.41414141414141
44.603960396039604
450.8686868686869
373.08
284.7
195.73
128.33663366336634
76.82828282828282
44.53465346534654
476.0
379.0
272.54
179.74
112.98019801980197
71.56565656565657
40.01980198019802
288.83838383838383
236.98
185.59
131.53
81.95049504950495
46.25252525252525
25.475247524752476
278.010101010101
234.48
178.23
123.63
78.68316831683168
47.515151515151516
26.584158415841586
291.8989898989899
233.9
169.27
110.71
70.6930693069307
42.282828282828284
21.564356435643564
293.7070707070707
244.4
191.65
134.19
86.41584158415841
50.97979797979798
26.603960396039604
294.35353535353534
244.41
187.47
127.67
81.64356435643565
50.464646464646464
26.980198019801982
306.5353535353535
248.62
175.15
117.43
73.85148514851485
45.101010101010104
22.81188118811881
304.54545454545456
252.18
196.39
136.93
87.05940594059406
50.101010101010104
25.77227722772277
299.6969696969697
245.56
190.22
127.95
83.70297029702971
49.83838383838384
28.425742574257427
312.2828282828283
250.25
179.15
118.18
75.76237623762377
44.13131313131313
23.396039603960396
137.7171717171717
113.93
87.76
61.96
37.881188118811885
20.91919191919192
9.485148514851485
137.3030303030303
112.74
87.72
59.4
35.89108910891089
21.13131313131313
10.544554455445544
141.12121212121212
113.78
81.75
52.48
31.91089108910891
17.363636363636363
7.772277227722772
142.92929292929293
119.29
91.49
64.52
40.01980198019802
20.505050505050505
9.584158415841584
143.96969696969697
118.51
88.63
62.09
37.98019801980198
21.363636363636363
10.851485148514852
149.84848484848484
116.42
83.41
54.33
31.297029702970296
17.09090909090909
7.910891089108911
146.77777777777777
118.01
94.02
65.87
39.73267326732673
19.838383838383837
9.693069306930694
146.32323232323233
118.07
92.02
61.98
38.722772277227726
22.767676767676768
10.98019801980198
149.45454545454547
119.52
85.82
54.99
33.445544554455445
18.535353535353536
7.821782178217822
470.92929292929296
395.11
313.46
223.89
141.83168316831683
86.6969696969697
48.881188118811885
458.3838383838384
390.52
299.75
207.32
134.12871287128712
82.62626262626263
50.46534653465346
487.22222222222223
397.39
285.68
190.32
127.95049504950495
78.61616161616162
45.663366336633665
487.5353535353535
404.1
321.41
232.86
146.5148514851485
90.21212121212122
49.53465346534654
484.4040404040404
405.59
310.31
216.49
141.56435643564356
87.60606060606061
51.24752475247525
512.3232323232323
413.1
299.77
198.61
129.63366336633663
83.81818181818181
48.18811881188119
495.65656565656565
410.7
330.21
234.21
148.02970297029702
91.39393939393939
49.95049504950495
493.06060606060606
411.75
312.02
217.18
142.1089108910891
87.9090909090909
52.742574257425744
514.5757575757576
417.88
304.78
204.29
131.7128712871287
83.47474747474747
47.99009900990099
311.22222222222223
260.88
208.04
150.07
94.37623762376238
57.27272727272727
31.138613861386137
310.45454545454544
259.72
198.57
137.91
89.68316831683168
55.5959595959596
31.594059405940595
324.24242424242425
258.85
191.23
126.28
83.70297029702971
52.08080808080808
28.81188118811881
327.5050505050505
272.26
216.41
155.76
98.5049504950495
58.42424242424242
31.861386138613863
321.989898989899
271.35
206.77
142.93
94.36633663366337
57.464646464646464
34.08910891089109
342.4343434343434
271.62
201.28
130.68
85.14851485148515
53.75757575757576
29.099009900990097
334.82828282828285
276.71
219.98
156.31
97.65346534653466
58.14141414141414
32.554455445544555
327.17171717171715
272.99
210.29
145.51
96.23762376237623
58.45454545454545
34.693069306930695
345.979797979798
279.66
201.96
136.18
87.55445544554455
54.74747474747475
30.603960396039604
159.76767676767676
130.58
103.65
72.47
46.00990099009901
26.515151515151516
14.237623762376238
155.7070707070707
128.56
98.31
68.89
44.35643564356435
26.303030303030305
15.128712871287128
161.7979797979798
130.16
95.42
62.7
39.2970297029703
23.707070707070706
12.673267326732674
162.91919191919192
136.49
106.73
73.5
47.78217821782178
28.242424242424242
14.801980198019802
160.87878787878788
133.83
103.94
69.8
45.118811881188115
26.828282828282827
15.297029702970297
168.88888888888889
136.49
99.04
66.16
40.40594059405941
24.96969696969697
13.693069306930694
165.44444444444446
140.17
108.96
77.02
47.257425742574256
27.707070707070706
14.415841584158416
165.25252525252526
135.16
105.63
71.56
46.148514851485146
28.77777777777778
15.089108910891088
171.92929292929293
138.15
99.17
66.77
40.2970297029703
25.232323232323232
13.118811881188119
388.52525252525254
324.16
256.1
175.67
120.24752475247524
79.62626262626263
47.198019801980195
342.5656565656566
276.99
203.71
138.39
89.54455445544555
59.06060606060606
34.02970297029703
393.8181818181818
317.12
253.4
179.58
119.5049504950495
73.0
46.51485148514851
441.24242424242425
365.41
286.59
199.44
135.8910891089109
90.94949494949495
53.67326732673267
385.34343434343435
308.73
231.73
153.72
99.16831683168317
65.63636363636364
38.722772277227726
452.16161616161617
363.61
286.39
206.18
138.13861386138615
83.42424242424242
53.42574257425743
464.7676767676768
383.32
300.8
210.58
141.5742574257426
94.27272727272727
55.801980198019805
405.7171717171717
329.18
244.99
159.89
102.82178217821782
68.78787878787878
38.94059405940594
470.74747474747477
381.05
302.16
217.12
143.64356435643563
87.26262626262626
56.02970297029703
260.45454545454544
215.13
170.09
118.37
81.65346534653466
52.696969696969695
30.871287128712872
226.03030303030303
183.16
138.54
92.57
59.31683168316832
38.505050505050505
21.683168316831683
264.54545454545456
210.39
168.68
121.67
80.97029702970298
50.54545454545455
30.722772277227723
300.6868686868687
246.17
191.48
134.64
91.1980198019802
62.25252525252525
35.13861386138614
255.15151515151516
209.95
157.13
103.14
66.45544554455445
44.2020202020202
25.06930693069307
302.26262626262627
242.4
193.62
140.85
91.01980198019803
56.21212121212121
34.336633663366335
317.75757575757575
258.73
202.85
139.61
94.36633663366337
64.75757575757575
36.17821782178218
272.95959595959596
218.46
162.97
108.37
70.97029702970298
45.25252525252525
25.495049504950494
320.26262626262627
256.06
204.99
146.46
96.31683168316832
57.85858585858586
36.08910891089109
134.12121212121212
110.83
86.17
59.88
39.693069306930695
25.96969696969697
14.415841584158416
115.45454545454545
93.76
69.03
45.67
28.514851485148515
17.86868686868687
9.841584158415841
135.6969696969697
108.62
84.09
62.0
40.603960396039604
25.585858585858585
14.297029702970297
151.1010101010101
124.94
99.1
67.95
45.71287128712871
29.91919191919192
16.81188118811881
132.3939393939394
106.67
78.49
51.76
32.86138613861386
21.141414141414142
12.633663366336634
155.86868686868686
124.13
98.36
69.74
45.84158415841584
26.404040404040405
15.356435643564357
161.62626262626262
130.84
104.39
70.75
47.94059405940594
31.282828282828284
16.712871287128714
140.5252525252525
109.95
82.95
54.11
34.415841584158414
22.595959595959595
12.346534653465346
162.8080808080808
130.76
101.86
74.28
48.960396039603964
27.0
17.168316831683168
376.47474747474746
311.17
243.83
168.69
117.21782178217822
77.42424242424242
44.118811881188115
331.16161616161617
265.34
198.41
131.1
81.62376237623762
55.77777777777778
32.86138613861386
389.19191919191917
305.59
244.43
173.82
118.54455445544555
71.61616161616162
44.87128712871287
428.42424242424244
352.34
272.93
191.14
130.63366336633663
86.31313131313131
50.633663366336634
373.9191919191919
301.95
224.34
146.07
93.72277227722772
63.292929292929294
37.257425742574256
436.07070707070704
351.12
276.36
195.52
132.3960396039604
79.70707070707071
49.851485148514854
447.93939393939394
369.64
288.67
202.24
136.6138613861386
90.57575757575758
54.01980198019802
387.2020202020202
314.71
236.24
154.31
98.14851485148515
66.23232323232324
38.43564356435643
461.949494949495
368.0
291.49
206.69
136.0990099009901
84.0909090909091
53.7029702970297
253.03030303030303
207.48
164.97
114.51
77.05940594059406
51.98989898989899
29.821782178217823
223.2020202020202
176.48
132.3
87.71
56.71287128712871
36.656565656565654
21.84158415841584
256.3131313131313
205.54
161.62
116.64
77.62376237623762
47.93939393939394
29.15841584158416
288.55555555555554
235.06
185.45
127.05
85.63366336633663
56.74747474747475
32.81188118811881
250.78787878787878
198.55
150.14
98.41
62.15841584158416
42.474747474747474
23.584158415841586
290.77777777777777
233.35
184.27
131.62
88.75247524752476
53.09090909090909
31.88118811881188
308.0808080808081
247.33
196.84
134.5
91.45544554455445
59.98989898989899
34.306930693069305
264.5656565656566
207.34
156.11
103.63
66.70297029702971
43.14141414141414
23.613861386138613
306.1313131313131
246.87
196.21
135.6
93.55445544554455
54.56565656565657
34.495049504950494
127.4040404040404
104.51
82.08
57.53
39.148514851485146
24.595959595959595
13.653465346534654
113.51515151515152
88.63
65.9
43.62
28.336633663366335
17.363636363636363
9.336633663366337
129.40404040404042
104.55
79.53
57.85
39.277227722772274
22.272727272727273
13.108910891089108
146.8181818181818
119.07
93.03
63.6
43.118811881188115
27.262626262626263
14.871287128712872
128.3838383838384
100.37
74.54
50.0
31.128712871287128
20.02020202020202
10.386138613861386
147.23232323232324
116.39
90.8
63.65
42.89108910891089
24.656565656565657
14.96039603960396
154.35353535353536
125.13
95.23
67.76
44.960396039603964
28.86868686868687
16.366336633663366
130.85858585858585
104.82
78.76
51.94
32.495049504950494
20.242424242424242
11.356435643564357
153.7070707070707
124.72
95.13
68.95
44.45544554455446
25.0
14.772277227722773
415.8989898989899
343.58
266.37
184.22
128.22772277227722
86.5959595959596
49.198019801980195
356.95959595959596
293.04
214.39
143.89
92.94059405940594
63.5959595959596
37.06930693069307
417.64646464646466
336.75
266.26
193.73
129.66336633663366
80.13131313131314
50.40594059405941
469.80808080808083
383.37
302.89
209.39
146.03960396039605
95.63636363636364
55.148514851485146
408.6060606060606
325.44
243.75
161.4
104.36633663366337
70.02020202020202
41.475247524752476
480.2020202020202
380.28
304.23
218.81
144.68316831683168
88.62626262626263
57.227722772277225
494.25252525252523
403.69
318.24
222.74
150.93069306930693
99.5959595959596
59.71287128712871
430.07070707070704
347.13
259.59
169.83
108.6930693069307
73.79797979797979
42.04950495049505
501.8888888888889
405.55
321.54
229.48
156.83168316831683
92.68686868686869
59.32673267326733
278.6363636363636
229.43
179.77
128.1
86.83168316831683
56.62626262626262
33.396039603960396
239.84848484848484
193.92
146.81
97.18
60.960396039603964
41.39393939393939
24.722772277227723
280.020202020202
224.76
178.58
129.75
88.29702970297029
54.121212121212125
33.00990099009901
318.4848484848485
261.06
205.65
142.34
99.26732673267327
64.55555555555556
37.45544554455446
276.22222222222223
224.63
166.52
110.76
70.96039603960396
46.57575757575758
27.88118811881188
321.85858585858585
257.48
205.07
145.88
98.3069306930693
59.17171717171717
37.82178217821782
334.3333333333333
273.44
214.75
149.39
100.94059405940594
66.22222222222223
39.54455445544554
286.8989898989899
229.6
175.67
114.08
73.25742574257426
48.56565656565657
27.88118811881188
335.95959595959596
271.29
216.4
153.81
104.34653465346534
62.93939393939394
39.554455445544555
141.77777777777777
116.29
92.34
63.77
43.64356435643565
28.01010101010101
16.257425742574256
123.46464646464646
99.73
74.87
49.95
30.594059405940595
19.666666666666668
11.455445544554456
144.1010101010101
114.43
91.44
66.04
44.386138613861384
26.717171717171716
16.257425742574256
161.7979797979798
132.59
102.99
73.37
49.0
31.78787878787879
18.554455445544555
142.13131313131314
111.81
83.25
54.54
35.663366336633665
23.404040404040405
13.693069306930694
163.5151515151515
131.65
102.68
75.97
50.32673267326733
30.434343434343436
17.445544554455445
170.15151515151516
139.79
108.29
76.29
49.693069306930695
33.4040404040404
20.396039603960396
148.54545454545453
117.16
89.01
57.09
36.07920792079208
24.0
12.990099009900991
169.86868686868686
139.47
110.43
77.35
52.05940594059406
30.31313131313131
19.22772277227723
433.92929292929296
360.22
272.98
190.8
127.76237623762377
82.86868686868686
49.75247524752475
433.62626262626264
346.61
252.4
168.26
111.25742574257426
65.14141414141415
35.16831683168317
433.45454545454544
356.49
267.65
187.11
126.5940594059406
81.64646464646465
47.65346534653465
458.1313131313131
378.66
289.87
199.64
134.1089108910891
86.27272727272727
51.65346534653465
453.4949494949495
363.48
262.69
175.33
116.29702970297029
67.70707070707071
36.722772277227726
458.3939393939394
377.72
288.5
198.91
131.0990099009901
85.8080808080808
50.386138613861384
471.3939393939394
390.47
295.75
205.8
137.27722772277227
90.60606060606061
52.91089108910891
463.22222222222223
376.09
273.55
181.76
118.47524752475248
69.64646464646465
37.94059405940594
468.17171717171715
388.55
293.86
202.31
134.4851485148515
87.44444444444444
52.554455445544555
288.85858585858585
237.82
182.93
126.56
86.58415841584159
56.01010101010101
31.564356435643564
286.5656565656566
231.34
167.22
113.13
71.53465346534654
43.61616161616162
22.584158415841586
288.6868686868687
238.26
178.97
123.2
81.86138613861387
53.80808080808081
30.02970297029703
308.25252525252523
253.07
193.8
133.23
88.36633663366337
57.91919191919192
33.62376237623762
302.16161616161617
245.59
176.53
117.12
76.61386138613861
45.96969696969697
23.88118811881188
309.85858585858585
247.22
191.55
129.51
86.64356435643565
56.2020202020202
33.05940594059406
313.989898989899
260.91
197.29
136.46
91.22772277227723
58.535353535353536
34.17821782178218
308.010101010101
250.67
179.57
120.55
77.65346534653466
46.666666666666664
24.207920792079207
315.2323232323232
257.84
193.82
135.23
90.01980198019803
57.515151515151516
32.633663366336634
146.68686868686868
117.33
89.4
62.06
41.742574257425744
26.696969696969695
14.455445544554456
142.74747474747474
116.11
82.59
54.54
35.62376237623762
19.444444444444443
10.435643564356436
143.83838383838383
116.28
89.88
59.65
39.613861386138616
24.747474747474747
13.495049504950495
151.12121212121212
125.94
96.23
66.51
42.633663366336634
27.464646464646464
14.732673267326733
151.72727272727272
120.92
88.09
57.14
37.306930693069305
21.272727272727273
11.049504950495049
154.14141414141415
124.16
94.76
63.41
42.45544554455446
25.67676767676768
14.009900990099009
157.56565656565655
131.6
98.51
69.37
44.76237623762376
28.333333333333332
15.396039603960396
156.3030303030303
125.18
90.38
59.18
38.336633663366335
21.444444444444443
11.05940594059406
157.63636363636363
127.93
95.63
65.01
42.01980198019802
26.78787878787879
13.782178217821782
418.8787878787879
347.29
262.89
184.55
121.35643564356435
77.96969696969697
45.54455445544554
416.25252525252523
335.27
240.25
159.46
105.63366336633663
61.464646464646464
32.396039603960396
419.0808080808081
342.31
256.68
177.71
118.67326732673267
76.79797979797979
44.613861386138616
444.1212121212121
368.31
280.11
191.23
125.04950495049505
82.83838383838383
47.663366336633665
437.3131313131313
352.76
255.58
169.3
111.24752475247524
64.82828282828282
35.06930693069307
440.3131313131313
366.03
273.69
188.08
124.2871287128713
81.38383838383838
46.78217821782178
452.7979797979798
373.18
284.02
196.0
133.52475247524754
85.20202020202021
48.32673267326733
448.9191919191919
367.85
262.7
171.17
112.31683168316832
66.07070707070707
35.21782178217822
456.09090909090907
368.46
278.62
195.47
127.75247524752476
80.54545454545455
48.12871287128713
276.3636363636364
230.92
173.3
120.78
79.3069306930693
50.505050505050505
30.801980198019802
275.9191919191919
221.66
161.51
107.47
68.70297029702971
40.888888888888886
20.524752475247524
