23.2020202020202
20.14
15.32
10.96
7.02970297029703
4.363636363636363
2.732673267326733
22.474747474747474
20.02
14.89
10.64
6.910891089108911
4.232323232323233
2.5643564356435644
23.68686868686869
19.68
14.61
10.13
6.227722772277228
4.090909090909091
2.4554455445544554
24.505050505050505
20.77
16.74
11.69
7.762376237623762
4.747474747474747
2.396039603960396
24.616161616161616
20.65
15.39
11.37
7.0
4.303030303030303
2.8514851485148514
24.727272727272727
20.35
14.72
10.26
6.653465346534653
4.434343434343434
2.4752475247524752
24.393939393939394
20.43
16.48
12.05
6.544554455445544
4.666666666666667
2.782178217821782
24.848484848484848
20.55
16.14
11.01
7.237623762376238
4.555555555555555
2.762376237623762
25.454545454545453
20.65
15.41
10.7
6.702970297029703
3.9393939393939394
2.485148514851485
15.262626262626263
13.3
10.66
7.29
5.02970297029703
2.8282828282828283
1.7128712871287128
15.373737373737374
13.03
9.42
7.17
4.663366336633663
2.6666666666666665
1.6534653465346534
15.828282828282829
13.14
9.83
6.14
4.316831683168317
2.7777777777777777
1.613861386138614
16.656565656565657
14.18
11.22
7.84
4.96039603960396
3.01010101010101
1.7524752475247525
15.747474747474747
13.28
10.74
7.24
4.782178217821782
3.04040404040404
1.811881188118812
16.78787878787879
13.8
9.86
6.6
4.584158415841584
2.787878787878788
1.6435643564356435
16.141414141414142
14.46
11.07
7.63
4.99009900990099
3.101010101010101
1.900990099009901
15.848484848484848
13.98
11.35
7.83
4.9504950495049505
3.0505050505050506
1.5643564356435644
17.666666666666668
14.37
9.62
6.63
4.3861386138613865
3.1717171717171717
1.4059405940594059
7.414141414141414
6.59
4.9
3.88
2.3366336633663365
1.2626262626262625
0.6435643564356436
7.525252525252525
6.81
4.61
3.4
2.287128712871287
1.2828282828282829
0.801980198019802
8.1010101010101
5.51
4.57
3.17
1.7821782178217822
1.2323232323232323
0.5643564356435643
8.16161616161616
6.61
5.14
3.53
2.257425742574257
1.3636363636363635
0.5346534653465347
7.656565656565657
6.64
5.4
4.05
2.089108910891089
1.3232323232323233
0.6435643564356436
8.606060606060606
6.58
5.03
3.11
1.99009900990099
1.303030303030303
0.6039603960396039
8.595959595959595
6.96
5.71
4.0
2.4554455445544554
1.3636363636363635
0.7326732673267327
8.080808080808081
6.38
5.18
3.38
2.4653465346534653
1.1717171717171717
0.8415841584158416
8.666666666666666
7.08
5.38
3.21
2.118811881188119
1.1313131313131313
0.48514851485148514
26.494949494949495
22.36
17.62
13.03
8.445544554455445
4.898989898989899
2.910891089108911
26.595959595959595
22.52
17.05
11.96
7.653465346534653
4.545454545454546
2.8316831683168315
27.08080808080808
22.48
16.65
11.27
7.356435643564357
4.525252525252525
2.4356435643564356
27.949494949494948
23.45
18.46
13.05
8.297029702970297
4.97979797979798
2.8514851485148514
26.515151515151516
22.91
17.65
12.42
8.009900990099009
5.151515151515151
2.99009900990099
27.838383838383837
23.33
17.18
10.68
7.732673267326732
4.737373737373737
2.99009900990099
27.444444444444443
24.32
18.68
13.79
8.623762376237623
5.5353535353535355
2.722772277227723
27.232323232323232
25.07
17.87
12.37
8.128712871287128
5.484848484848484
3.128712871287129
27.92929292929293
23.54
17.52
11.78
7.623762376237623
4.565656565656566
2.6732673267326734
18.181818181818183
15.19
11.66
7.92
5.445544554455446
3.04040404040404
1.811881188118812
17.272727272727273
14.17
11.38
8.03
5.118811881188119
3.2626262626262625
1.801980198019802
17.86868686868687
15.34
10.27
7.42
5.0495049504950495
2.888888888888889
1.683168316831683
18.060606060606062
15.23
12.31
8.73
5.643564356435643
3.272727272727273
1.8712871287128714
18.04040404040404
16.25
12.15
8.13
5.326732673267327
3.191919191919192
1.7821782178217822
19.02020202020202
15.9
10.96
7.19
4.603960396039604
2.9797979797979797
1.4356435643564356
18.242424242424242
14.82
12.31
9.45
5.861386138613861
3.3737373737373737
1.6633663366336633
19.474747474747474
16.01
12.02
8.29
5.326732673267327
3.4343434343434343
2.089108910891089
20.08080808080808
15.42
10.77
7.05
4.871287128712871
3.101010101010101
1.7425742574257426
8.494949494949495
7.12
5.73
4.26
2.3069306930693068
1.5252525252525253
0.7821782178217822
8.656565656565656
7.27
5.62
4.05
2.623762376237624
1.505050505050505
0.8217821782178217
8.676767676767676
6.96
5.65
3.28
2.287128712871287
1.0303030303030303
0.6039603960396039
9.02020202020202
7.07
6.2
4.14
2.732673267326733
1.4141414141414141
0.5544554455445545
9.242424242424242
6.79
5.47
3.95
2.6534653465346536
1.5252525252525253
0.6039603960396039
9.464646464646465
7.61
5.24
3.47
2.0297029702970297
1.02020202020202
0.40594059405940597
9.11111111111111
7.53
5.97
4.28
2.881188118811881
1.303030303030303
0.5346534653465347
9.313131313131313
7.84
5.66
3.93
2.722772277227723
1.6666666666666667
0.49504950495049505
9.404040404040405
7.56
5.55
3.48
1.9603960396039604
1.2121212121212122
0.39603960396039606
20.21212121212121
17.55
13.89
10.29
6.297029702970297
4.01010101010101
2.3168316831683167
19.949494949494948
17.06
13.36
9.27
5.871287128712871
3.7474747474747474
2.227722772277228
20.848484848484848
16.42
12.71
9.06
5.9504950495049505
3.3535353535353534
1.9504950495049505
21.343434343434343
16.66
13.91
9.96
6.297029702970297
4.02020202020202
2.207920792079208
21.12121212121212
17.82
13.68
9.24
6.0495049504950495
3.5555555555555554
2.495049504950495
23.01010101010101
18.46
13.83
8.43
5.663366336633663
3.919191919191919
2.128712871287129
21.606060606060606
17.56
14.72
10.68
6.663366336633663
3.9797979797979797
2.4158415841584158
21.545454545454547
17.97
13.62
9.34
6.782178217821782
4.02020202020202
2.6633663366336635
22.292929292929294
18.11
13.43
9.01
6.01980198019802
3.6464646464646466
2.366336633663366
13.919191919191919
11.41
8.67
6.32
4.396039603960396
2.717171717171717
1.306930693069307
13.828282828282829
11.14
8.24
5.95
3.871287128712871
2.7777777777777777
1.3366336633663367
13.777777777777779
11.37
8.88
5.47
3.594059405940594
2.242424242424242
1.396039603960396
14.393939393939394
11.53
9.34
6.57
4.514851485148514
2.696969696969697
1.5247524752475248
13.494949494949495
12.13
9.33
6.24
4.2772277227722775
2.8484848484848486
1.5643564356435644
14.929292929292929
11.49
8.35
5.75
3.871287128712871
2.515151515151515
1.3762376237623761
14.06060606060606
11.94
9.77
6.81
4.2772277227722775
2.9393939393939394
1.4851485148514851
13.656565656565656
11.69
9.25
6.55
4.455445544554456
2.727272727272727
1.5643564356435644
14.626262626262626
11.85
8.81
5.99
3.871287128712871
2.6262626262626263
1.2475247524752475
7.0
5.63
4.56
3.54
1.693069306930693
1.1414141414141414
0.6039603960396039
6.787878787878788
5.35
4.34
3.21
2.0495049504950495
1.3535353535353536
0.7029702970297029
7.444444444444445
5.24
4.09
2.86
1.6534653465346534
1.0
0.5346534653465347
7.252525252525253
5.95
4.88
3.31
2.1683168316831685
1.1818181818181819
0.693069306930693
6.545454545454546
5.94
4.87
3.39
2.0792079207920793
1.121212121212121
0.6732673267326733
7.171717171717172
5.31
4.3
2.99
2.1386138613861387
1.0101010101010102
0.5148514851485149
7.636363636363637
5.81
4.87
3.71
2.1683168316831685
1.1717171717171717
0.5247524752475248
7.393939393939394
5.86
4.78
3.62
1.811881188118812
1.2525252525252526
0.6435643564356436
7.636363636363637
6.1
4.47
2.58
1.8316831683168318
0.9393939393939394
0.6039603960396039
20.595959595959595
18.04
13.9
9.67
6.138613861386139
4.353535353535354
2.6633663366336635
17.95959595959596
14.88
11.01
7.35
4.821782178217822
3.4545454545454546
2.0
21.525252525252526
17.26
13.3
9.67
6.782178217821782
4.282828282828283
2.712871287128713
23.343434343434343
19.16
15.4
10.26
7.2772277227722775
5.08080808080808
3.0297029702970297
20.747474747474747
17.01
12.83
8.2
5.3861386138613865
3.272727272727273
2.4158415841584158
24.08080808080808
18.97
14.73
10.89
7.633663366336633
4.585858585858586
3.237623762376238
24.32323232323232
20.46
16.15
11.34
8.069306930693068
5.353535353535354
3.4257425742574257
22.32323232323232
17.78
13.12
8.29
5.821782178217822
3.808080808080808
2.1881188118811883
25.474747474747474
20.82
15.74
12.04
7.693069306930693
4.525252525252525
2.8118811881188117
13.676767676767676
11.48
9.09
6.28
4.267326732673268
3.0
1.7722772277227723
12.545454545454545
9.49
7.63
4.7
3.4653465346534653
2.242424242424242
1.118811881188119
14.272727272727273
11.11
8.97
6.26
4.198019801980198
2.727272727272727
1.6633663366336633
15.8989898989899
13.21
10.77
7.25
4.900990099009901
3.494949494949495
1.881188118811881
13.808080808080808
11.14
7.87
5.79
3.495049504950495
2.585858585858586
1.3366336633663367
15.88888888888889
12.33
10.97
7.53
5.257425742574258
3.303030303030303
2.0693069306930694
16.19191919191919
13.15
11.0
7.73
5.287128712871287
3.8484848484848486
2.3267326732673266
14.242424242424242
12.01
8.48
5.84
3.881188118811881
2.686868686868687
1.4455445544554455
17.151515151515152
13.72
11.68
8.21
5.287128712871287
3.2626262626262625
1.8514851485148516
7.05050505050505
5.91
4.79
3.63
2.198019801980198
1.1919191919191918
0.7128712871287128
6.525252525252525
4.93
3.92
2.79
1.5940594059405941
0.9696969696969697
0.5346534653465347
7.363636363636363
5.58
5.0
3.21
2.1683168316831685
1.3333333333333333
0.7425742574257426
7.898989898989899
6.7
4.86
3.88
2.594059405940594
1.6363636363636365
0.9405940594059405
7.494949494949495
5.98
4.3
3.08
1.8316831683168318
1.1717171717171717
0.7920792079207921
7.717171717171717
6.77
5.76
3.68
2.5841584158415842
1.5454545454545454
0.9405940594059405
9.181818181818182
7.28
5.33
3.9
2.712871287128713
1.878787878787879
1.0198019801980198
7.666666666666667
6.34
4.34
2.91
2.099009900990099
1.121212121212121
0.5841584158415841
8.444444444444445
7.07
5.38
3.98
2.712871287128713
1.8282828282828283
1.0396039603960396
23.383838383838384
19.13
15.58
10.72
8.05940594059406
5.181818181818182
3.0693069306930694
20.252525252525253
17.14
12.67
9.12
5.336633663366337
3.8484848484848486
2.207920792079208
23.545454545454547
19.19
15.46
10.88
7.207920792079208
4.7272727272727275
3.1782178217821784
26.434343434343436
22.3
17.83
12.74
8.742574257425742
5.575757575757576
3.732673267326733
22.97979797979798
18.58
14.71
9.76
6.623762376237623
4.161616161616162
2.1782178217821784
26.282828282828284
21.84
17.23
12.68
8.138613861386139
5.0606060606060606
3.6732673267326734
28.77777777777778
24.43
17.97
13.05
8.693069306930694
5.9393939393939394
3.3267326732673266
24.666666666666668
20.18
15.4
10.41
6.693069306930693
4.090909090909091
2.5445544554455446
28.07070707070707
23.67
19.26
13.26
8.623762376237623
5.161616161616162
3.722772277227723
15.353535353535353
12.78
10.66
7.4
5.079207920792079
3.484848484848485
2.0792079207920793
13.929292929292929
11.5
8.32
5.51
3.782178217821782
2.6666666666666665
1.5148514851485149
15.707070707070708
12.45
10.38
7.81
4.4950495049504955
3.2525252525252526
2.227722772277228
18.646464646464647
14.91
11.63
8.39
5.287128712871287
3.9393939393939394
2.376237623762376
16.383838383838384
12.85
9.7
6.59
4.198019801980198
2.808080808080808
1.6732673267326732
18.31313131313131
15.11
11.38
8.76
5.653465346534653
3.5353535353535355
2.287128712871287
19.90909090909091
15.84
12.05
8.67
5.900990099009901
4.212121212121212
2.366336633663366
16.92929292929293
13.18
10.31
6.58
4.237623762376238
2.7777777777777777
1.683168316831683
19.343434343434343
15.73
12.13
9.18
5.99009900990099
3.7676767676767677
2.5346534653465347
8.191919191919192
6.42
4.7
3.52
2.6534653465346536
1.7575757575757576
0.900990099009901
7.222222222222222
5.63
4.37
2.77
1.8415841584158417
1.0606060606060606
0.5346534653465347
8.232323232323232
6.64
4.84
3.73
2.5445544554455446
1.4444444444444444
1.0693069306930694
9.06060606060606
7.4
6.0
4.3
2.623762376237624
2.01010101010101
1.0297029702970297
7.91919191919192
6.22
5.2
3.21
2.198019801980198
1.292929292929293
0.693069306930693
9.262626262626263
7.19
5.86
4.51
3.0
1.6666666666666667
1.0
10.171717171717171
7.68
6.27
4.19
2.7524752475247523
1.8585858585858586
1.2574257425742574
8.333333333333334
6.37
5.25
3.42
2.4752475247524752
1.3535353535353536
0.7326732673267327
9.797979797979798
7.94
6.14
4.56
3.1683168316831685
1.9696969696969697
1.0891089108910892
17.13131313131313
14.06
12.05
8.51
5.554455445544554
3.5353535353535355
2.3069306930693068
15.757575757575758
12.57
8.97
6.21
3.891089108910891
2.888888888888889
1.693069306930693
18.262626262626263
15.0
11.26
7.88
5.821782178217822
3.696969696969697
2.267326732673267
20.282828282828284
16.83
12.73
9.04
6.465346534653466
4.343434343434343
2.782178217821782
17.414141414141415
14.0
10.59
7.37
4.485148514851486
2.909090909090909
1.613861386138614
19.575757575757574
15.98
13.1
9.46
6.3861386138613865
4.02020202020202
2.5742574257425743
21.424242424242426
17.0
14.29
9.77
6.663366336633663
4.333333333333333
2.514851485148515
18.04040404040404
14.62
11.78
7.39
4.693069306930693
3.2525252525252526
2.108910891089109
21.272727272727273
17.88
13.54
9.89
7.227722772277228
4.404040404040404
2.6435643564356437
11.98989898989899
9.91
8.13
6.11
4.079207920792079
2.7474747474747474
1.495049504950495
9.616161616161616
8.52
6.57
4.43
2.900990099009901
1.7474747474747474
0.9900990099009901
12.333333333333334
10.02
7.74
5.73
3.633663366336634
2.404040404040404
1.6633663366336633
13.767676767676768
11.34
9.09
6.64
4.435643564356436
3.080808080808081
1.6237623762376239
12.242424242424242
8.86
7.38
4.98
3.514851485148515
2.1414141414141414
1.4356435643564356
13.474747474747474
11.17
8.48
6.07
4.188118811881188
2.7373737373737375
1.7821782178217822
14.080808080808081
12.04
9.94
6.28
4.534653465346534
2.98989898989899
1.693069306930693
12.474747474747474
10.01
7.26
5.27
3.405940594059406
2.1313131313131315
1.188118811881188
14.565656565656566
11.72
9.02
7.08
4.702970297029703
2.676767676767677
1.811881188118812
5.767676767676767
5.1
4.28
2.76
1.6633663366336633
1.1515151515151516
0.6831683168316832
5.383838383838384
4.29
2.86
2.16
1.3366336633663367
0.8181818181818182
0.49504950495049505
6.383838383838384
4.97
4.19
3.15
2.00990099009901
1.121212121212121
0.6633663366336634
6.7272727272727275
5.59
4.49
3.01
2.376237623762376
1.4343434343434343
0.8910891089108911
6.181818181818182
4.81
4.23
2.36
1.5247524752475248
1.0808080808080809
0.6138613861386139
7.090909090909091
5.77
4.19
3.47
2.514851485148515
1.2424242424242424
0.7920792079207921
7.070707070707071
6.23
5.23
3.38
2.4257425742574257
1.5757575757575757
0.7425742574257426
6.747474747474747
5.55
4.07
2.66
1.9405940594059405
1.0909090909090908
0.5643564356435643
7.606060606060606
5.8
4.81
3.59
2.4455445544554455
1.404040404040404
0.8613861386138614
22.727272727272727
18.59
13.63
10.61
7.128712871287129
4.333333333333333
2.712871287128713
22.565656565656564
18.27
13.28
8.5
5.98019801980198
3.7373737373737375
2.0792079207920793
22.494949494949495
18.32
14.11
10.21
7.306930693069307
4.565656565656566
2.8118811881188117
23.262626262626263
20.19
15.32
10.64
7.237623762376238
4.484848484848484
3.1683168316831685
24.03030303030303
19.86
14.62
9.36
6.257425742574258
3.8585858585858586
2.297029702970297
24.02020202020202
20.27
15.09
10.88
7.079207920792079
4.636363636363637
3.217821782178218
24.91919191919192
21.43
15.94
11.18
7.297029702970297
4.808080808080808
2.8316831683168315
24.353535353535353
20.24
14.94
10.42
6.148514851485149
3.8282828282828283
2.108910891089109
24.353535353535353
20.89
15.63
11.33
7.425742574257426
5.01010101010101
2.99009900990099
15.11111111111111
12.93
10.06
6.77
4.891089108910891
2.686868686868687
1.8514851485148516
15.464646464646465
12.12
8.55
5.99
4.178217821782178
2.505050505050505
1.297029702970297
14.484848484848484
12.39
9.35
6.79
4.564356435643564
3.1515151515151514
1.8712871287128714
15.858585858585858
12.97
10.15
7.25
5.247524752475248
2.9797979797979797
1.9801980198019802
16.434343434343436
12.78
9.04
6.85
3.99009900990099
2.404040404040404
1.5247524752475248
16.050505050505052
12.97
9.76
7.32
4.742574257425742
2.898989898989899
1.7920792079207921
17.11111111111111
13.51
10.97
7.24
4.900990099009901
3.101010101010101
1.7227722772277227
16.292929292929294
13.24
9.8
6.6
4.326732673267327
2.6565656565656566
1.0792079207920793
16.262626262626263
13.32
10.71
6.96
4.96039603960396
2.9696969696969697
1.9504950495049505
7.505050505050505
6.13
5.22
3.53
2.207920792079208
1.6464646464646464
0.9504950495049505
7.858585858585859
6.3
4.4
3.14
1.8217821782178218
1.1414141414141414
0.594059405940594
7.474747474747475
6.46
4.64
2.96
2.1881188118811883
1.404040404040404
0.7029702970297029
8.383838383838384
6.69
5.3
3.82
2.504950495049505
1.5252525252525253
0.9108910891089109
8.434343434343434
7.07
4.93
3.33
2.3168316831683167
1.1111111111111112
0.504950495049505
8.333333333333334
6.79
5.17
3.44
2.5841584158415842
1.6363636363636365
0.9207920792079208
8.737373737373737
6.99
5.21
3.77
2.7524752475247523
1.5656565656565657
0.7425742574257426
8.242424242424242
6.94
4.8
3.09
2.227722772277228
1.2828282828282829
0.6138613861386139
8.414141414141413
7.17
5.06
3.36
2.8118811881188117
1.5656565656565657
0.7722772277227723
26.666666666666668
21.97
16.82
11.45
8.05940594059406
5.454545454545454
3.4752475247524752
25.606060606060606
21.51
15.57
10.77
6.643564356435643
4.171717171717172
2.3168316831683167
24.91919191919192
21.48
15.81
11.23
8.108910891089108
4.787878787878788
3.0792079207920793
27.363636363636363
22.95
18.2
12.21
8.574257425742575
5.363636363636363
3.198019801980198
27.04040404040404
22.5
16.14
11.11
7.643564356435643
4.666666666666667
2.3366336633663365
26.828282828282827
22.48
17.3
11.5
8.128712871287128
5.636363636363637
3.217821782178218
28.08080808080808
23.74
18.22
13.07
8.277227722772277
5.808080808080808
3.5742574257425743
28.444444444444443
22.96
16.4
10.82
7.297029702970297
4.737373737373737
2.277227722772277
27.13131313131313
23.35
17.23
12.29
8.811881188118813
5.353535353535354
3.3366336633663365
17.02020202020202
13.98
10.59
7.61
4.881188118811881
3.3333333333333335
2.099009900990099
17.151515151515152
14.01
9.75
6.93
4.415841584158416
2.4444444444444446
1.495049504950495
