0.014322664080147143
0.023604335928007748
0.03376705501164511
0.05284774869661308
0.05524284662605764
0.05041131668403345
0.03885045586672343
0.00942007044554294
0.018698258547841448
0.0417548633759377
0.050623317870757176
0.06506462223359383
0.06005026322636263
0.05238930035354884
0.008559264554533196
0.023604079262947143
0.034740078579714805
0.04730964807299856
0.04614956655290923
0.044904561028222885
0.037064490887160136
0.012659798645428249
0.021757215173068157
0.032680600035113125
0.047290316952298926
0.04542749100148168
0.04342358459186718
0.032962643961733
0.008501267934425271
0.01786955035236053
0.0401659273816324
0.04984715185671543
0.05534049147916634
0.05687966829672716
0.046993538247479545
0.006071953047938539
0.01735433624329282
0.034971080092219886
0.04200534915571442
0.03952020805546141
0.04341269480327853
0.020058433217863075
0.0105914256889151
0.01845964322493672
0.03142323874403347
0.04268420839058562
0.04345913380928432
0.04493342165732549
0.03207223717726649
0.005251933150327746
0.0178197293322825
0.03992266226790737
0.04271745611730746
0.05229056919753376
0.049529201922407284
0.037712111431156096
0.006960523641637095
0.019738862853548197
0.03203131445013693
0.0420363758541071
0.04155206166307286
0.03478714530413411
0.027258475456419334
0.010127891652197098
0.01955491064420492
0.02590058744548044
0.044224140245885966
0.05307688255650296
0.045592443929282786
0.02815542247079611
0.009342775254904715
0.018148166719150996
0.04091277372405391
0.045307325846401715
0.053534548001514914
0.0458613374824126
0.023140791641110523
0.005315446045143602
0.017415841761579398
0.02881317245594794
0.042502399894626744
0.03479424397795092
0.028649305507704552
0.014573002181825641
0.011675462095234086
0.01986909769848747
0.028718631857794143
0.03952538397735777
0.04272820431709715
0.04407617228467016
0.039309281518791046
0.007361975776861922
0.015896139710274062
0.03381631657683369
0.04560129470510658
0.04759313209139645
0.04456363675755944
0.03238695980059008
0.005626316003854089
0.018569601660485675
0.02994797209953875
0.04013256662407702
0.036973681156216825
0.03407461160776799
0.024480284948105367
0.010141757046287229
0.01911342666847971
0.025849973702003898
0.03763153773883862
0.03762929838731128
0.04236845110787099
0.02139877137965596
0.005653740165725116
0.01740506274412672
0.028560081534292518
0.035369649989265214
0.04236476479797066
0.03784408036285214
0.03302539996602933
0.0015476121681404192
0.014643375683328694
0.024952718557867105
0.032920812743897854
0.030571872116089433
0.03329279006203115
0.024603807984155145
0.006648590656903019
0.014440442563634694
0.019850054166955997
0.030989783277414928
0.0454319805741439
0.03728390792560709
0.02113380179234996
0.005329363386517214
0.011195024353324857
0.028701414825088853
0.02485803953822439
0.03961090503124131
0.021075767690727425
0.03418899233117312
0.0027417961101528676
0.014136534414254387
0.022960540688956435
0.026937904401193882
0.02672926979408109
0.025152258542323287
0.018360119975513813
0.010353415119608122
0.013795161773266531
0.022926299137083238
0.025379243742766
0.02570232420411681
0.028815321851358325
0.00394263098996633
0.0052106417301627
0.013636340669636007
0.02519675982561715
0.027805053543026263
0.042850540061257554
0.02008401903907471
0.019844108255052534
0.005517910179506797
0.014690397550285268
0.0272038855807788
0.028794283702063647
0.020966219578889257
0.0160045850302376
0.01428205625443065
0.007064097057061195
0.008236624566625241
0.02158356773330344
0.030432516843625614
0.0208104533815077
0.02575816316053896
0.019966014208581847
0.005086169404190163
0.010282131422262173
0.019620807866743292
0.027132122067294474
0.03288816305060172
0.01888590546671027
0.021183232362217967
0.005934152978136365
0.00273669855676061
0.016299627535261697
0.023305051879025145
0.01811260225590464
0.010908062529442163
0.01230019115211492
0.013184914088374335
0.026560134128362053
0.03768797370753979
0.05294211937238735
0.0579486890353725
0.057102518271022855
0.044858807225120145
0.008039263348719442
0.022858616629214856
0.0441717174513868
0.05930691142612279
0.07151718816882982
0.06651316269803839
0.05674383434644674
0.008053372018230483
0.022623980070108737
0.0421575894195925
0.05425119708714011
0.04445581225328564
0.03995016207321562
0.03170312796865509
0.013605836417853666
0.024472292785515836
0.03496398907447971
0.04979053618545509
0.046533736640407
0.04782872657072651
0.042828271609686885
0.009224788418047457
0.016175158914672732
0.03897020624252084
0.05236362802770382
0.0677560092112374
0.056895573827330605
0.047897760311068606
0.008782636911801936
0.022937869999480696
0.03685995518882829
0.04578550264811554
0.04346322629034728
0.0411118876890532
0.03232355158884329
0.010034216978060007
0.019174579191851098
0.03260089370471993
0.04613645978144297
0.045214175342136856
0.05283002529174898
0.03188702985473016
0.012796782234114599
0.01630533663061862
0.0385387384437526
0.04440949518250928
0.05195171984256847
0.05273636839441068
0.045372732550336824
0.006490823775276709
0.02013367259527409
0.03238975500865311
0.046007594150289204
0.03862101057080788
0.04323449795344342
0.029121051291546293
0.012185437310672367
0.02293245678700123
0.033141095918538845
0.04974231083959344
0.053171161748151466
0.04585669536183389
0.03371705804580179
0.010205655102188575
0.021742530083713768
0.03830769815253379
0.04894707715747226
0.06061792983452996
0.0573411511292445
0.03118694260553539
0.00411573811351743
0.017518152350856468
0.03231111927560957
0.0414350182721863
0.04046894069087364
0.04096035327099383
0.03584185499952674
0.010729785598446517
0.019556654276978683
0.03297799601448792
0.03750077328933072
0.04334296327142506
0.048633479241107155
0.033233553091323434
0.006748937060073932
0.01853111077131102
0.035697328222915596
0.03879696606143713
0.05725890669423527
0.03510767885924946
0.038591939386672026
0.006544862773554233
0.018005023425275095
0.03419492425919049
0.03846511360087728
0.04074365641049274
0.0353736269530208
0.03148163798265588
0.011679675108382167
0.018029749985545518
0.03161197848427103
0.0383431965238483
0.04018060792386914
0.04014950737171264
0.02059394755127285
0.004563512842301551
0.012189178999699367
0.03342087564323076
0.04470432626654913
0.04509665882870535
0.04159383441025698
0.02568009111604153
0.0073992838101779364
0.017643815325406657
0.02832340068959178
0.038959869536286676
0.03793420188651997
0.03037926123590227
0.029158344343587134
0.013157056097810229
0.01136892434187008
0.02384946014462098
0.03592373814095149
0.031097443242061786
0.028677870020243895
0.0014687509136922083
0.003956972130399994
0.011269132545766492
0.027582948465954275
0.04107394889877515
0.04387275043283584
0.044932187029019535
0.007650291528082323
0.005971847965898951
0.011562117938965878
0.02804277571475773
0.03387836848434756
0.023036385539375134
0.027422132014827894
0.005077091799542809
0.005087625740783046
0.022105226441461623
0.025018171362097958
0.02608472715467176
0.03257111977462989
0.026927826815435832
0.02405382022200981
0.006320960706048618
0.013548953724618437
0.01910193597963645
0.03368096730028645
0.027451735240306023
0.033274731638200085
0.031199838830551073
0.001013258577396255
0.009247089737845939
0.026726859844424244
0.02751103725124704
0.031655510826650586
0.01902492828282937
0.026018975869956332
0.006306796306736918
0.016069667139009616
0.0226571353513482
0.023322774741372187
0.03126995258057731
0.033732303275321805
0.022415770675168874
0.010027026526786414
0.010146491408897944
0.023235628940999196
0.0375146098830392
0.02570711030506628
0.02942078300383486
0.011505888700524986
0.0070898793121216335
0.013753516115044096
0.01980769221105351
0.028980688266948548
0.026397189663421836
0.013249132320044392
0.004946764591122156
0.012854156476508345
0.021030866543892857
0.03118858824502112
0.05056576701358392
0.05254518084312825
0.05060752604302796
0.036362636359562
0.009260522403707516
0.01878369459941446
0.03999282434178314
0.0531028061301022
0.058726355164918476
0.057062295450107006
0.05510547823858034
0.008166773538423796
0.019562730155096877
0.034973545003737304
0.041751914635220766
0.040351032654749736
0.03990453672027422
0.025596529410507603
0.010827482507884739
0.021058688198633296
0.03284703627147587
0.044774498854732225
0.0450915049786735
0.044199790764503845
0.0419481832580253
0.007554854777547819
0.017527732852348276
0.036442674018270095
0.044131830419257
0.0539914008655202
0.05007815373164376
0.035367674800059735
0.006122067791016952
0.0135094254075948
0.03151902046333717
0.03969347115035793
0.0401655152644081
0.0313721006595106
0.02185236938563966
0.010873880513971838
0.01933104369337995
0.028594251156693163
0.04272756212022909
0.043288578300689357
0.04154953607167751
0.03080109767550079
0.007958194243492459
0.017597542405059084
0.029816564386623955
0.0388312330944287
0.04929145263741107
0.04432003641563661
0.03555549311850479
0.006464248099232337
0.01699678411566477
0.029744162445052843
0.04086917676480594
0.03320602203982293
0.029574211942332083
0.018616983684606934
0.010481422250055142
0.020579079116494883
0.03156123992272633
0.04061289582845864
0.03903957413408476
0.03624307198613602
0.02461751261974907
0.00924651632625155
0.013952401338270417
0.030159322784444543
0.04380247410181308
0.04314700032673703
0.03827380317119287
0.029148385663614086
0.005085506986060374
0.015376989041491113
0.028829206851642454
0.03793490603786461
0.03896551124094704
0.026192709918430722
0.021208312775830056
0.009374941908752227
0.016741467709006867
0.02518946981532763
0.036454682805101314
0.03301636406438845
0.02709719940004851
0.02742226676769647
0.006915698558895321
0.017689220808439196
0.028762380307284993
0.029664601523112198
0.0475923122176744
0.04005890154320255
0.022347010997971054
0.00463167834206083
0.013017384574859852
0.025705934785894828
0.03238615843705868
0.026561902877652768
0.028893267487754552
0.009799728366180776
0.008776401773475436
0.016369949276496203
0.025355268543020074
0.034917071687270373
0.03265098506048945
0.036915349695624836
0.018416840526030345
0.008665831498904635
0.014444711909827355
0.027757855098916685
0.036547182978684145
0.04067557997134645
0.03455195837100941
0.024063133584955473
0.006925538781212592
0.010261178756189386
0.026528618198708883
0.030808496103133208
0.034421313940216594
0.015847432469183374
0.01636564462929608
0.0013673145139691178
0.012942576912760975
0.022725051345894677
0.02747873742321754
0.02781488458959116
0.02608010200310036
0.013859619935395827
0.005997007198727124
0.013824568140240334
0.021444720391463536
0.025970683682263483
0.03382050518683943
0.020522032309507807
0.01819740017457875
0.003304733858074594
0.013291918965449756
0.01972215881085452
0.026423950038377518
0.01844969528538076
0.023203933909144506
0.0069246053944683065
0.006941284727971542
0.011116733960902377
0.019657910839259093
0.022215146893612463
0.02458334466963676
0.009478454370578116
0.01584916406943948
0.0020717013922061005
0.01019518912303772
0.013404364363165359
0.0323923999233478
0.03531131171358636
0.014820895686317124
0.021070866457047303
-0.0002706262937600199
0.01445058679088286
0.016900150429727884
0.02101549843177085
0.015723487131372935
0.0017338285023682626
-0.002524449551358271
0.007069651592448066
0.011474300392246705
0.0171178302755342
0.023166392843850244
0.018430007530909523
0.025314558372732162
0.02155975299477488
0.006654148826287423
0.01768497700129537
0.02024024129850827
0.0234719208230967
0.029484220106551877
0.019857956847013136
0.008621495526579172
0.0029952534590396763
0.00794410153642814
0.013021787206123077
0.02891292162952199
0.011853168196227906
0.0178053389289418
0.004649363491824556
0.008980071852646083
0.03574433481949852
0.044712298216121535
0.051849827892539835
0.06749843118233623
0.06257765304520607
0.05085396080841957
0.006520449508001248
0.03901505252429191
0.05147503820824061
0.06787133746764162
0.07981522784659345
0.06919334770331297
0.0667164507365801
0.010875205257156134
0.022572010170423745
0.034276615233852906
0.048687531673362684
0.05384884412899553
0.05247349578650801
0.041488594751010806
0.011066228484236522
0.03329382462604589
0.041812393069277844
0.05014587969783938
0.057855288561895986
0.06052206100170332
0.05243259066732954
0.005465828913172297
0.029511261231625903
0.04656180857006796
0.05389738574560823
0.06117438700564948
0.06670742062232694
0.04475400066077519
0.013598622567074553
0.021605849622217708
0.03288924439605617
0.04805817747838649
0.05120343853529749
0.04572243416315946
0.030122430706749373
0.009354763689578147
0.02864534347345219
0.03823419732891495
0.04346806771707069
0.056502513239893096
0.05545145682988323
0.05469765548046907
0.0042417549753351646
0.030058335406268687
0.04390292510833321
0.05734063627031263
0.061637418610048386
0.05020658844719507
0.051443609861919745
0.008345466675642125
0.02246986138021512
0.032569103241992046
0.04663340906220467
0.04215056613521579
0.04660527037338463
0.03347059647217569
0.012611614232891265
0.032305251508809384
0.03705015289155723
0.04037614886261374
0.05555803378474212
0.060548244123985046
0.05845871095431905
0.007043474690009972
0.030769339509012294
0.042805586490354125
0.05180508344929463
0.059137215795133896
0.059345966232665526
0.04856784722286789
0.010285620775201551
0.026384453167941996
0.028333123331349786
0.03861968810608625
0.05400381033965762
0.0406019352705189
0.02140016243290184
0.00968036555665731
0.026767938011018753
0.037570108223417685
0.04299100280882824
0.05320424547495608
0.051166240563398
0.04415678212655045
0.0018554114799014731
0.0259909726811352
0.03906501581131423
0.04940751211235333
0.05674399248426764
0.046454077904855465
0.05043047039407031
0.01227650138026157
0.023620486041089416
0.03050652230756727
0.03888931228119244
0.04181436673147404
0.04017153739946606
0.027677953100345442
0.006259875860084345
0.02770702953167852
0.030393482354873762
0.038649506177864244
0.046451603292405455
0.04321103113782435
0.04183727642566739
0.008428731147644355
0.025502636349525824
0.0404649151674921
0.04075512435074478
0.05168801461053745
0.04664663629807515
0.033116292260934585
0.011486902762417015
0.019937772551489902
0.029040978873361493
0.039082314459432846
0.03860056602658779
0.03533591946706089
0.01660567193978334
0.008098359557157314
0.01689572421467349
0.03153083493354255
0.02733845418590495
0.03180534216395961
0.023719695091978677
0.028895375923958466
0.006145035830465394
0.010823165107313319
0.03273749967022241
0.045840685237465824
0.02879350236345842
0.04079214348224123
0.016184874002371057
0.004818911139319909
0.014602436042775885
0.01583174048248905
0.031208459344323654
0.03452990088786401
0.028227031942600588
0.023962560366398742
0.0018600411912923574
0.01847723854876727
0.028464958853734387
0.0358159980518628
0.044003453697261795
0.023494852369989595
0.02168379307808361
0.009340776150880246
0.015574144186874007
0.029333189583497687
0.03287760453637939
0.0368689572297764
0.028732474758217198
0.03457277578639254
0.007721513263457573
0.018191753076011327
0.01609024988748431
0.03452598739109325
0.031223430484190996
0.031349893410171574
0.023432076827071192
0.005385349537259286
0.015844109863546604
0.023846177434383033
0.024659424775629532
0.03410617393602852
0.019351314582351942
0.014004284871072284
0.0006147987158510594
0.025976331146953555
0.025559069584370434
0.030297677747573925
0.049693448450561555
0.028308650123904544
0.019025593133513822
0.006334432115573978
0.017618175760446896
0.013628368832374265
0.031059695301614086
0.033109969202038785
0.02447462969752672
0.011961105777062369
0.010845930093026458
0.038255561835818366
0.04274889294738453
0.06119162590229332
0.07002873485359266
0.07257163271975178
0.07091910081495796
0.006046033748060606
0.03440480707463788
0.05057336603405102
0.0646236984858585
0.0785183301036611
0.07862496482987322
0.05749478424317584
0.0076340573843072775
0.027989986154571524
0.039302704278997756
0.053184589060986484
0.05730859523053678
0.0549239720924286
0.02850971083441847
0.00799381893480511
0.03410238030781205
0.041481210606113914
0.05186933306482919
0.06909861547850446
0.06521975392954808
0.05228469093760418
0.005553599387520609
0.03472737143733258
0.05075192865323832
0.05844393877644513
0.06468351196417257
0.06733668306572363
0.06084666162603993
0.013187750550826126
0.026507353438063666
0.03662171628866942
0.04885442649541957
0.054502649981549516
0.046324825975846605
0.0454728240558634
0.009602950941875516
0.03706274009367232
0.039866760873483224
0.043433214412861715
0.055080684408294056
0.06557855394726794
0.06380352140822494
0.0014412440152729454
0.029962107080525692
0.04324943824403935
0.05526479229121251
0.06200604108655854
0.059748541992629634
0.04755277712792647
0.008365994426678083
0.02162169985224126
0.030078360512387086
0.04568678251587358
0.05218775499822974
0.04736458723589402
0.03226182543371832
0.010186783442433357
0.03290462840999736
0.0419371472589604
0.05212789014273676
0.06733368787613296
0.06157233403525111
0.052329232664659546
0.0055419398143488115
0.03082502626497446
0.045116917424712105
0.04876435664689109
0.06049959346580402
0.06408850269602204
0.05087351139275418
0.014037605578131449
0.027805351280787066
0.02840967885543487
0.04264169222197625
0.04713132991519435
0.038434951936222594
0.029707029840322852
0.01199866245243399
0.030416525288784163
0.03554733439591979
0.04539000719033272
0.061012304771381975
0.05171540260195409
0.043295741708049715
0.007728648060801291
0.026867819341931155
0.04484422470557469
0.05141812785062764
0.06515320516329094
0.05542944181903288
0.04415332159849736
0.008860661143282501
0.027465928841420337
0.03365014750753321
0.04009470018360964
0.047725851933536144
0.03138733959187075
0.03792549207356593
0.0066892585552354045
0.03301993411280371
0.031098608399047437
0.04011740553707113
0.051824464277147195
0.03966493827674643
0.04216080871740825
0.005254485815574731
0.026156924061821706
0.044183699880746656
0.04937092300922594
0.051388929048493195
0.05398503455044187
0.04397066160026086
0.011298761105436025
0.0248878717941619
0.030893629168648032
0.035617255458021024
0.04475372923508384
0.0359817015199001
0.028995404082486558
0.016321052344686345
0.01854913546533171
0.025768808996317775
0.032644738208831396
0.029230238532282706
0.031024043064681817
0.02325718582094065
0.007374621012057252
0.025458512027992854
0.03846818252098397
0.03455371841591241
0.05082155653940683
0.04203908815387916
0.027704717428280574
0.016314568576617325
0.012661386708903506
0.025334258782076607
0.023147649560352045
0.034364898448514654
0.022489083165866015
0.008638192637839874
0.013093834170729051
0.021523149879141723
0.03013817295921612
0.025566355042222693
0.04171081323260464
0.035678485587783366
0.02510768173328278
0.008843142357839187
0.020557793830864587
0.031558755662656895
0.03969010766989729
0.038494707623775874
0.03952605497150478
0.030876041646497467
0.005717993227064561
0.015882820858966144
0.02040246408738693
0.024811432382478654
0.036202531640614155
0.045126673408003956
0.01446472592692028
0.0073502527080004515
0.02522768081590434
0.026635642526238342
0.036280547741052924
0.03601950277288457
0.021893676254278314
0.020627247923584995
0.0028134953127296534
0.02055485251495596
0.018650943832774942
0.03454215259112561
0.027739998736006955
0.03678228777260934
0.033643490649905246
0.00804173364040952
0.019893903677893544
0.020012546443401984
0.030303159329110943
0.02913349625537477
0.030525223885894515
0.022224261091645686
0.009091986003881924
0.03390211887940661
0.04087907246820397
0.05017330092603846
0.059550391038243666
0.061077634862059194
0.05863583374323484
0.011108929145361312
0.03155982230921847
0.0484638495013068
0.06019491629316873
0.07453034023448346
0.06532882842060483
0.04734930041524075
0.012634986152366313
0.02472519962864385
0.030987990094731358
0.050237673343917225
0.05271980365593991
0.041289051619791725
0.041654400888238595
0.010454153696874741
0.032867360967340956
0.036704602863652354
0.05122607660577663
0.05971171632148072
0.06114920372434954
0.05074335778327925
0.005937051270802722
0.03048467026634597
0.04507191544312627
0.05694685697061009
0.06702937543280689
0.05506511735830803
0.0407941144882023
0.007672373419670558
0.020130678542632126
0.03152835898473842
0.04587023665868626
0.04901025415245313
0.04551883086343048
0.03702201798633575
0.008318348587992784
0.030911073593170833
0.035409562327462146
0.04424181789556945
0.061417646661226476
0.052957415083233816
0.04642178103076067
0.00428485075909748
0.028938182889684593
0.041179720856387575
0.0461608050865133
0.056125607560968974
0.051977603064394105
0.04341796492805842
0.00769442554488295
0.020410658178572162
0.03234009495649129
0.03790292174772381
0.04363522278245686
0.038191700725276986
0.03361705272149994
0.008990172866531015
0.026435845669123638
0.03265275449434655
0.04416690770777282
0.05524311185584777
0.039591696228823386
0.044982469285164674
0.006258575700671522
0.02646075342456877
0.034259550690176985
0.048888321988918994
0.055412663215157226
0.0522867536149425
0.0384085166882297
0.00853005340742753
0.01862611817444613
0.02909987468812509
0.03685030828417088
0.04036677220248788
0.03581972448785601
0.02616460583400155
0.009487177594437663
0.022353415883924095
0.03357743367231449
0.03569939762796514
0.04625903575984264
0.045973904494273486
0.04694550341005657
0.0038928172530289214
0.027893242079059334
0.03360169759130081
0.04901415189319151
0.048887238133350046
0.04831239338696225
0.026234938674955615
0.009679072586063053
0.0200667104735016
0.02449781359977718
0.038866114385843566
0.04039281362241625
0.03162537366173324
0.022601512726844707
0.008357024235304622
0.026118283187829338
0.03236884636116033
0.033452637213628574
0.04374299507989984
0.04378063011868016
0.028651152949307805
0.008847143137202801
0.026714615722358368
0.03655295994632443
0.040280767211880626
0.04429683607615143
0.03957713286831627
0.04112214671411436
0.008204227049759736
0.019434379021683157
0.025476322771131665
0.02903532976745057
0.032917403591772296
0.0363976828144917
0.029971902386413164
0.0072175406698825415
0.01692136765573632
0.02478596229051963
0.0169297240810765
0.03122053875941322
0.029536632815263853
0.027736406168472668
-0.0006745379391821759
0.013543253638837268
0.024244156823402543
0.026835733632372544
0.022328261693516583
0.03974461459945893
0.02004606235707944
0.009150723525567693
0.009402901634526221
0.020567775742318117
0.024136502075457776
0.021573421156205166
0.017551166264637572
0.01825059107669397
0.006200748726150943
0.01860116037992531
0.025443622908707306
0.026800428833396412
0.030279125188558388
0.01924488292850386
0.00372937882591267
0.007977988513501195
0.01983353791656672
0.026503545516693813
0.03566073335794746
0.03436214408248953
0.020175768772271355
0.007569071367736683
0.006893507519159682
0.014703388661748796
0.01700612806414395
0.03235953512459375
0.02425698091831378
0.013855372929379373
0.031758572380286926
0.009680172995678102
0.020298602370090874
0.02486261374837134
0.027071713048080537
0.0344843885956863
0.02149226030369448
0.011937888776025267
0.006060157101789389
0.012272503497465675
0.018319573311884208
0.0300811333094831
0.020186290258459295
0.027540275372008448
0.022457660722846003
0.009536987039330386
0.006614362875587918
0.019401124023689806
0.027461396022176055
0.022048930743487676
0.016394866923561534
0.020445128093664555
0.009228918767672931
0.02352685120316283
0.039960728734832966
0.05299110338148196
0.060626439662147445
0.06183869156692567
0.05713665817490499
0.01374387015237591
0.023611774694743057
0.04914704146083663
0.0632908715323271
0.06902282678139812
0.07138742829465022
0.06137837909481851
0.008965999801786752
0.023310962303455595
0.04242544138602262
0.05071203122149155
0.055830252306872476
0.0535538412463677
0.03884629739244846
0.009508482640899292
0.02336912323163792
0.03978671207073934
0.04774619793957806
0.05197653495586413
0.05233321169681931
0.04249207875460448
0.01292252037934564
0.021692698312822282
0.04400348205243656
0.055081497597429765
0.06070538075983996
0.05595904277189267
0.04303983612057626
0.006082371044243162
0.022122116292426955
0.03746892712203739
0.043491802534520445
0.0500645446470162
0.0369104689730433
0.035727090983854556
0.009608537319288107
0.023786895590031366
0.034187135064305735
0.04603015709695897
0.04938880836138879
0.04608718903982862
0.04751457442724408
0.009657993843041805
0.023301380242145737
0.0452221381714366
0.050806690384383194
0.06006112589000683
0.050381481801856
0.04172611773171261
0.008040463330527027
0.020112697424865142
0.03376154955238877
0.045425092853795854
0.046889511312856604
0.03511844295481446
0.031057254758226824
0.005569017505659715
0.019946842991242712
0.03834862968113729
0.046800027479786295
0.05082732419009428
0.04907278149712696
0.030825053195506495
0.011302515053111778
0.02172307432682663
0.04363561833814053
0.05537067406184394
0.05154771491281699
0.052554743084144456
0.04396456003916818
0.009063415607705674
0.016242732757865898
0.03436519963233869
0.04132334586170891
0.0485052414381027
0.0423986422033332
0.03048836653257062
0.003565888073770997
0.01940840818667011
0.0305927340861279
0.038599669967955635
0.0483116487195351
0.0436237955772982
0.03995097407506675
0.011157409604092427
0.016382653632706114
0.041852496519691744
0.046184265240679624
0.05264677795619412
0.04911030100424445
0.0320168247890867
0.00766915168062767
0.020616455352902754
0.029520758733992986
0.03960716837049284
0.04091946224732504
0.03233586207927225
0.03544562965759711
0.006848118289799723
0.01608912614006441
0.033142846148407006
0.04381825631696223
0.045640899583605836
0.04188600548651091
0.030659592492449914
0.008797981576064717
0.0203876059347043
0.03516813812716585
0.042705639927135476
0.050303020074483215
0.043816593874465064
0.024095586558155312
0.011064771765821749
0.015362785881219872
0.027498137162852657
0.03908240861359606
0.043031123485521475
0.03596401408980475
0.0303816725877996
0.005734537207797848
0.015193709937106668
0.029252038367595743
0.027158023463448405
0.03631648694863829
0.021979041832458662
0.026833332807362772
0.012906456950729985
0.021935740223069048
0.03395068583250697
0.03851552002653631
0.032259503956254015
0.04240478379375749
0.031259413015537474
0.008533440401410576
0.016856125748324565
0.016582451402009327
0.02670240946622376
0.03410044840887531
0.028174498379136836
0.020999620842542595
0.010769339135830995
0.018634276178907085
0.0194230907396309
0.028255367642551193
0.028677182900147456
0.02550705977920722
0.03601972675889485
0.007525631667952738
0.01739711990154961
0.02503733038390242
0.03751341517853064
0.04043184293211
0.03255803458806959
0.014198529455573252
0.00804314673327251
0.012195144299608957
0.021494766953462113
0.03290656522527935
0.024064766727197606
0.023710729907030593
0.02878519395137209
0.008355287605083169
0.01296492135781084
0.026920588517629584
0.02310859598117211
0.02934088090646934
0.017837174680414975
0.012662721479397503
0.006437850341610225
0.013488246913449022
0.023483690891637224
0.03135542928225545
0.029137863026596454
0.029503587149076603
0.010310446158085549
0.005274953729780645
0.013396956034795912
0.02160502489471773
0.029371237022625108
0.02344244314681905
0.023498254128379505
0.016961960525022246
0.006014875067204289
0.027754007196958027
0.04274735119917079
0.06100480111973092
0.061368079273378874
0.0606280596328953
0.0539165551729916
0.0116722992513723
0.028487904106965396
0.05241351808782105
0.06179789600247356
0.07660155073406358
0.07156222895262503
0.06412861849747772
0.012793388618213615
0.02191277522486013
0.04462211825140999
0.05238916370544965
0.058402917092583474
0.05345249301348705
0.04694099395397888
0.007414383780293323
0.023673364638591952
0.040416470879487916
0.05534921096475829
0.05846719025373758
0.061430389233767625
0.055890691455127886
0.015391305584694644
0.02157207430923919
0.04657079076572795
0.05670450156053827
0.06340539351840231
0.0666075340277901
0.0667699549790388
0.007366760185978976
0.0194386454904104
0.039619011604215416
0.049407767808150815
0.049987695910626316
0.041127564675099496
0.028683470432391184
0.008104900260243108
0.023104559038735574
0.03749890241443132
0.05144573806454117
0.05453243484660539
0.05763623326344807
0.04586523524389618
0.011264719742322852
0.025181880033855766
0.039327828515350195
0.04880338591259685
0.06216562795870544
0.061084364088601815
0.04142187837225048
0.008715165784361776
0.021864947582562806
0.03651357710703664
0.042123311626501535
0.05184331794782309
0.03460342207289518
0.031115671894015998
0.008094480971765593
0.022626458513021475
0.03981750173420696
0.05287108176526771
0.05487846750773331
0.05375117965722885
0.03571701194579416
0.010742488809847043
0.021901896356230882
0.048152099430013626
0.058426999541729814
0.06161465126940997
0.05654596214078717
0.05623262016658051
