5.979172289371489368e-01 -3.318722645441690711e-01 2.595218420028687079e-01 1.162132024765015065e-01 -2.565293014049535580e-02
-4.682488590478897650e-01 6.291578610738118860e-01 -5.164003372192377261e-02 -2.736140638589859564e-01 -3.410762548446660825e-02
1.357016033596462334e-01 1.458698451519012229e+00 1.821278274059295876e+00 1.092494924863179895e-01 9.192691743373865298e-02
-2.107373476028442105e-01 3.345068693161010187e-01 -2.962432652711868286e-01 -9.780330955982213803e-02 -9.135602414608007260e-02
2.480436762173970910e-01 5.017797052860258900e-01 4.747530221939086359e-01 2.350555360317224673e-02 7.315162817637130277e-02
-1.772333284219105853e-01 1.400866508483886164e-01 2.862513065349930885e-05 -4.736758520205812395e-02 -3.207832574844415863e-03
-9.651756286621090974e-02 -2.181922495365143377e-01 -3.879091242949168072e-01 -6.773962080478673764e-02 4.733161628246301822e-02
1.882416407267252234e-01 -3.557559450467427387e-01 -2.251142362753549564e-01 -3.009060124556223181e-01 1.387595534324645441e-01
-9.110360675387914331e-02 6.201541821161906665e-01 1.667031794786452970e-01 2.124711275100708563e-01 9.927885234355920963e-02
7.280939817428583316e-02 3.339781761169434149e-01 3.753296434879304089e-01 1.629112809896468561e-01 3.419914841651910953e-02
6.047391891479489412e-02 3.168479502201079767e-01 1.384387811024984094e-01 1.978910863399505060e-01 1.605296134948734285e-02
9.261837270524764243e-02 1.148573954900106164e-01 2.732772529125213623e-01 1.514620234568914148e-01 4.467382033665978636e-02
3.058662679460311118e-02 2.789673805236816406e-01 2.010975122451782227e+00 2.345601618289946955e-01 2.405130863189691715e-02
-8.481786648432410036e-02 1.875190337498983117e-01 9.112878640492756699e-02 -4.327554603417714252e-01 -1.964344084262853452e-02
1.190730995602077569e-01 -4.021282990773515642e-02 2.162212133407596590e-02 3.569169839223229612e-02 8.557413021723433988e-02
2.512041727701820257e-02 2.235737979412078857e+00 9.030671417713173610e-02 -1.608151048421860296e-01 1.149446666240691584e-01
-3.521618098020554144e-01 5.084250271320341907e-01 -1.452198624610889083e-02 -3.192778428395585955e-02 2.495213349660241331e-02
-1.398235162099202566e-01 3.729482889175415594e-01 -2.049105465412140170e-01 -4.230311512947079050e-02 3.121280670166010074e-02
-4.503295818964636599e-02 1.025635401407878067e-01 -1.215878725051878634e-01 -2.996162573496496950e-02 -8.901317914326949826e-03
1.020934581756591519e-01 -6.806419293085730349e-02 2.623246610164650661e-02 -5.176229774951940366e-02 -1.267071564992265295e-02
-1.604704327053494139e-01 5.756565332412718616e-01 -1.609026491641997458e-01 1.046482870976130630e-01 -6.048856675624852963e-02
2.528224388758345403e-02 -1.441060304641723633e-01 -1.698784381151199063e-01 6.195390224456791273e-02 1.979990800221764768e-02
2.082745631535848352e-01 -1.070274258032441139e+00 -2.348847289880116596e-01 -4.906133810679114138e-02 -9.410849213600164243e-02
