5.862163007259363345e-02 -2.285973230997717653e-02 1.010477319359779080e-01 1.038634777069095613e-02 2.247603237628931216e-02
-1.352687776088715155e-01 8.552237351735436643e-02 3.134450813134515013e-02 2.317824959754938297e-02 6.220297515392297916e-02
-4.612150457170276913e-02 -4.237896203994756528e-02 4.080860853195190430e+00 -5.743807554244991648e-02 -4.488481581211095639e-02
5.234026908874515882e-02 3.237227499485015314e-01 -2.974193006753921509e+00 5.749651789665216617e-02 1.798503994941710871e-01
-7.008975744247433748e-02 -1.122663766145706732e-01 -1.715451702475548068e-01 4.370450973510686676e-03 1.719121138254805364e-02
-1.131331523259480470e-01 8.011326193809453766e-03 3.818450272083281916e-01 8.242506782213851468e-02 1.922787725925440006e-02
5.743944644927982679e-02 4.186601936817163638e-02 -1.138345919549465179e+00 -5.222469568252618988e-03 9.404914081096643619e-02
4.524744881523977413e-02 3.030532598495487215e-02 -3.997973700364430560e-01 1.117260654767354700e-01 3.664591908454889468e-02
1.326988803015812304e-02 1.226588090260827268e-02 2.232171595096567318e-03 1.496682961781820032e-01 6.605401635169927399e-03
2.341964840888971500e-02 5.046110749244691052e-01 1.159565128386020660e+00 2.835789322853082828e-02 1.465329527854913882e-02
2.374520566728377524e-02 -1.256009936332708188e-02 -2.125346014897028235e-01 1.983644068241113834e-02 2.026422818501794065e-02
6.692979070875355006e-03 1.632465918858849729e-02 -2.632733657956123352e-01 1.348068565130237581e-02 1.407603422800737022e-03
-3.236757384406220225e-03 2.484321594238281250e-02 4.871787667274475098e+00 -6.547629833221491058e-03 -1.222959160804754086e-02
-3.624683618545528757e-02 2.322182456652323868e-01 -2.003855605920155658e-01 3.409002224604292669e-02 8.289977908134404938e-03
1.973891258239743665e-02 1.725121339162194456e-02 -9.207957958181699487e-01 2.217247088750207151e-02 1.742883523305260862e-02
-6.570710076226152566e-03 -2.485498785972650726e-03 -3.458599317818880081e-01 -2.141377329826360532e-02 5.492717027663629459e-04
2.209180593490595035e-02 3.470271825790349762e-03 -9.604610875248910384e-02 9.581788380940758909e-02 2.731019258499149324e-02
1.831548743777802399e-02 -5.900826056798295915e-02 1.028528213500976285e-01 -1.332914059360821857e-01 -1.659756898880010434e-02
4.778051376342777601e-02 5.006347099939986028e-02 -2.897075911362965717e-01 5.331520239512129583e-02 4.853868484497074476e-02
1.249833901723223367e-02 -3.643767038981116091e-02 -3.739906232804059982e-01 2.793931961059564761e-02 4.097545146942142835e-02
3.767620192633732573e-02 6.474503874778742007e-02 -5.102513581514358521e-01 -7.034852852423982561e-02 3.145070374011987857e-02
3.683700164159142698e-02 1.683795452117919922e-02 -1.905424743890762607e-01 5.620135863622033323e-02 3.009124596913659300e-02
7.645869255065922132e-02 6.974124312400816761e-01 -7.494790703058242798e-01 -8.273994922637936678e-02 1.574866622686385553e-01
