2.117243260145187378e-01 5.862841606140136719e-01 8.808381855487823486e-02 1.515579521656036377e-01 8.179808259010314941e-01
1.729462444782257080e-01 6.513134241104125977e-01 1.237613409757614136e-01 4.092712998390197754e-01 4.248811900615692139e-01
8.584906458854675293e-01 1.915242075920104980e-01 1.016172170639038086e-01 1.413842886686325073e-01 7.640921473503112793e-01
6.314041614532470703e-01 2.647445499897003174e-01 -1.579354405403137207e-01 4.229986071586608887e-01 9.438803195953369141e-01
5.579461455345153809e-01 1.775467246770858765e-01 6.627638638019561768e-02 4.017481803894042969e-01 1.220629453659057617e+00
5.321201086044311523e-01 2.016022652387619019e-01 1.105476021766662598e-01 2.597820162773132324e-01 4.076911509037017822e-01
6.344636678695678711e-01 2.083732038736343384e-01 -1.660151034593582153e-02 3.979110121726989746e-01 8.752393126487731934e-01
9.407227039337158203e-01 6.181831955909729004e-01 7.202431559562683105e-02 1.667589098215103149e-01 4.146583676338195801e-01
9.119428992271423340e-01 6.073595285415649414e-01 8.017857372760772705e-02 1.724502444267272949e-01 8.052843213081359863e-01
2.046839296817779541e-01 9.027666449546813965e-01 4.319130256772041321e-02 4.113431572914123535e-01 4.058613181114196777e-01
9.213706851005554199e-01 1.974879801273345947e-01 9.449584782123565674e-02 4.079345762729644775e-01 1.224317073822021484e+00
9.060236811637878418e-01 6.097947955131530762e-01 5.893813073635101318e-02 2.432353645563125610e-01 1.201689124107360840e+00
8.970869183540344238e-01 1.024843215942382812e+00 1.174357533454895020e-01 3.973809480667114258e-01 7.902163267135620117e-01
5.782518982887268066e-01 7.393309473991394043e-01 9.595373272895812988e-02 1.551135033369064331e-01 8.066319823265075684e-01
9.177650213241577148e-01 6.103507280349731445e-01 9.504504501819610596e-03 1.533258706331253052e-01 1.220914602279663086e+00
8.940863609313964844e-01 1.995029002428054810e-01 5.233120545744895935e-02 3.914344906806945801e-01 4.002197086811065674e-01
2.044183611869812012e-01 2.006940543651580811e-01 7.231631129980087280e-02 1.643726825714111328e-01 1.232772231101989746e+00
9.164839386940002441e-01 5.645950436592102051e-01 8.822822570800781250e-02 2.080100625753402710e-01 3.933609724044799805e-01
6.286683082580566406e-01 6.300380825996398926e-01 8.523508906364440918e-02 1.579972803592681885e-01 1.258246421813964844e+00
9.112485051155090332e-01 5.781373977661132812e-01 5.008075013756752014e-02 4.111757278442382812e-01 1.249170541763305664e+00
9.339085817337036133e-01 2.129490077495574951e-01 3.917989134788513184e-02 2.231163531541824341e-01 8.251605629920959473e-01
6.221022009849548340e-01 1.016837954521179199e+00 6.475660204887390137e-02 1.584302037954330444e-01 1.236109495162963867e+00
6.458752155303955078e-01 3.394824862480163574e-01 3.006251156330108643e-02 1.375890076160430908e-01 4.629946649074554443e-01
