3.195834457874298096e-01 4.008766412734985352e-01 1.007617473602294977e-01 1.674319803714752197e-01 7.794776558876037598e-01
1.063502281904220581e-01 9.774947166442871094e-01 1.138031959533691434e-01 2.905543744564056396e-01 3.863569498062133789e-01
1.022131443023681641e+00 4.917396903038024902e-01 5.642556548118591447e-02 1.663874238729476929e-01 8.735415339469909668e-01
4.735575914382934570e-01 2.669013738632202148e-01 5.630053877830505649e-02 3.608786761760711670e-01 7.269151806831359863e-01
7.488262057304382324e-01 3.003559410572052002e-01 1.179802417755126953e-01 4.094022214412689209e-01 1.287781953811645508e+00
4.936600029468536377e-01 2.280173301696777344e-01 8.000229001045228161e-02 2.286317795515060425e-01 3.987168669700622559e-01
5.420894622802734375e-01 1.563615500926971436e-01 7.345090508460998258e-02 3.729041516780853271e-01 8.378652930259704590e-01
1.069417476654052734e+00 3.865464329719543457e-01 9.298629164695740301e-02 1.048640981316566467e-01 4.555038213729858398e-01
8.180067539215087891e-01 9.720925092697143555e-01 9.333625435829162598e-02 1.818706691265106201e-01 8.794230818748474121e-01
2.145618796348571777e-01 8.003869056701660156e-01 2.750659286975860873e-02 4.651645123958587646e-01 4.136796593666076660e-01
9.544265270233154297e-01 2.633695900440216064e-01 1.366126537322998047e-01 4.791564345359802246e-01 1.219263553619384766e+00
9.833565354347229004e-01 6.689144372940063477e-01 1.018621802330017118e-01 2.763508856296539307e-01 1.253608584403991699e+00
9.275279641151428223e-01 1.278967380523681641e+00 6.021950244903565008e-02 4.938240647315979004e-01 8.192410469055175781e-01
5.491092801094055176e-01 7.125114202499389648e-01 1.309354543685913030e-01 8.508668094873428345e-02 7.842852473258972168e-01
1.007165789604187012e+00 5.758723020553588867e-01 1.225946545600891113e-01 1.553537547588348389e-01 1.302688956260681152e+00
9.226083755493164062e-01 6.471475958824157715e-01 8.722453713417054055e-02 3.356739580631256104e-01 4.459778666496276855e-01
1.295676380395889282e-01 3.016850054264068604e-01 7.883824110031129040e-02 1.452108323574066162e-01 1.229942560195922852e+00
7.741588354110717773e-01 8.237689733505249023e-01 6.360715627670288086e-02 2.298472523689270020e-01 4.124851226806640625e-01
5.729802250862121582e-01 6.615381240844726562e-01 1.054094552993774525e-01 1.455057561397552490e-01 1.189318418502807617e+00
9.918841123580932617e-01 5.591614842414855957e-01 8.209859728813172219e-02 3.792950809001922607e-01 1.184795141220092773e+00
7.555766105651855469e-01 3.151313066482543945e-01 6.712778806686402200e-02 2.651155889034271240e-01 7.516091465950012207e-01
6.151693463325500488e-01 8.558939695358276367e-01 6.640972495079040805e-02 1.592930853366851807e-01 1.223759889602661133e+00
7.249647378921508789e-01 -1.405485160648822784e-02 9.181383252143859863e-02 1.426407992839813232e-01 3.623566031455993652e-01
