2.000000000000000111e-01 1.000000000000000000e+00 8.000000000000000167e-02 1.499999999999999944e-01 8.000000000000000444e-01
2.000000000000000111e-01 1.000000000000000000e+00 1.199999999999999956e-01 1.499999999999999944e-01 4.000000000000000222e-01
2.000000000000000111e-01 2.000000000000000111e-01 8.000000000000000167e-02 4.000000000000000222e-01 4.000000000000000222e-01
5.999999999999999778e-01 5.999999999999999778e-01 8.000000000000000167e-02 2.399999999999999911e-01 4.000000000000000222e-01
5.999999999999999778e-01 2.000000000000000111e-01 2.000000000000000042e-02 2.399999999999999911e-01 1.199999999999999956e+00
5.999999999999999778e-01 5.999999999999999778e-01 2.000000000000000042e-02 4.000000000000000222e-01 8.000000000000000444e-01
9.000000000000000222e-01 1.000000000000000000e+00 8.000000000000000167e-02 4.000000000000000222e-01 4.000000000000000222e-01
5.999999999999999778e-01 5.999999999999999778e-01 1.199999999999999956e-01 4.000000000000000222e-01 8.000000000000000444e-01
5.999999999999999778e-01 1.000000000000000000e+00 8.000000000000000167e-02 1.499999999999999944e-01 8.000000000000000444e-01
9.000000000000000222e-01 2.000000000000000111e-01 2.000000000000000042e-02 1.499999999999999944e-01 4.000000000000000222e-01
9.000000000000000222e-01 2.000000000000000111e-01 8.000000000000000167e-02 2.399999999999999911e-01 4.000000000000000222e-01
2.000000000000000111e-01 5.999999999999999778e-01 2.000000000000000042e-02 2.399999999999999911e-01 4.000000000000000222e-01
9.000000000000000222e-01 5.999999999999999778e-01 2.000000000000000042e-02 1.499999999999999944e-01 1.199999999999999956e+00
9.000000000000000222e-01 2.000000000000000111e-01 1.199999999999999956e-01 2.399999999999999911e-01 4.000000000000000222e-01
9.000000000000000222e-01 1.000000000000000000e+00 2.000000000000000042e-02 1.499999999999999944e-01 8.000000000000000444e-01
2.000000000000000111e-01 1.000000000000000000e+00 1.199999999999999956e-01 4.000000000000000222e-01 1.199999999999999956e+00
9.000000000000000222e-01 5.999999999999999778e-01 2.000000000000000042e-02 1.499999999999999944e-01 4.000000000000000222e-01
2.000000000000000111e-01 2.000000000000000111e-01 1.199999999999999956e-01 4.000000000000000222e-01 4.000000000000000222e-01
5.999999999999999778e-01 1.000000000000000000e+00 8.000000000000000167e-02 1.499999999999999944e-01 4.000000000000000222e-01
2.000000000000000111e-01 1.000000000000000000e+00 8.000000000000000167e-02 4.000000000000000222e-01 4.000000000000000222e-01
5.999999999999999778e-01 2.000000000000000111e-01 2.000000000000000042e-02 4.000000000000000222e-01 4.000000000000000222e-01
5.999999999999999778e-01 2.000000000000000111e-01 1.199999999999999956e-01 4.000000000000000222e-01 1.199999999999999956e+00
5.999999999999999778e-01 5.999999999999999778e-01 2.000000000000000042e-02 2.399999999999999911e-01 1.199999999999999956e+00
5.999999999999999778e-01 2.000000000000000111e-01 1.199999999999999956e-01 2.399999999999999911e-01 4.000000000000000222e-01
9.000000000000000222e-01 1.000000000000000000e+00 1.199999999999999956e-01 1.499999999999999944e-01 8.000000000000000444e-01
2.000000000000000111e-01 5.999999999999999778e-01 8.000000000000000167e-02 4.000000000000000222e-01 1.199999999999999956e+00
9.000000000000000222e-01 5.999999999999999778e-01 1.199999999999999956e-01 2.399999999999999911e-01 4.000000000000000222e-01
9.000000000000000222e-01 2.000000000000000111e-01 1.199999999999999956e-01 2.399999999999999911e-01 1.199999999999999956e+00
2.000000000000000111e-01 5.999999999999999778e-01 2.000000000000000042e-02 1.499999999999999944e-01 1.199999999999999956e+00
2.000000000000000111e-01 2.000000000000000111e-01 8.000000000000000167e-02 4.000000000000000222e-01 1.199999999999999956e+00
9.000000000000000222e-01 5.999999999999999778e-01 1.199999999999999956e-01 2.399999999999999911e-01 1.199999999999999956e+00
9.000000000000000222e-01 2.000000000000000111e-01 2.000000000000000042e-02 2.399999999999999911e-01 1.199999999999999956e+00
2.000000000000000111e-01 5.999999999999999778e-01 8.000000000000000167e-02 2.399999999999999911e-01 8.000000000000000444e-01
2.000000000000000111e-01 5.999999999999999778e-01 8.000000000000000167e-02 4.000000000000000222e-01 4.000000000000000222e-01
9.000000000000000222e-01 5.999999999999999778e-01 1.199999999999999956e-01 4.000000000000000222e-01 1.199999999999999956e+00
2.000000000000000111e-01 5.999999999999999778e-01 2.000000000000000042e-02 2.399999999999999911e-01 8.000000000000000444e-01
9.000000000000000222e-01 2.000000000000000111e-01 2.000000000000000042e-02 4.000000000000000222e-01 8.000000000000000444e-01
2.000000000000000111e-01 2.000000000000000111e-01 1.199999999999999956e-01 2.399999999999999911e-01 1.199999999999999956e+00
2.000000000000000111e-01 5.999999999999999778e-01 1.199999999999999956e-01 1.499999999999999944e-01 8.000000000000000444e-01
5.999999999999999778e-01 5.999999999999999778e-01 2.000000000000000042e-02 1.499999999999999944e-01 4.000000000000000222e-01
5.999999999999999778e-01 1.000000000000000000e+00 8.000000000000000167e-02 4.000000000000000222e-01 8.000000000000000444e-01
9.000000000000000222e-01 1.000000000000000000e+00 1.199999999999999956e-01 2.399999999999999911e-01 4.000000000000000222e-01
9.000000000000000222e-01 1.000000000000000000e+00 2.000000000000000042e-02 1.499999999999999944e-01 1.199999999999999956e+00
2.000000000000000111e-01 2.000000000000000111e-01 2.000000000000000042e-02 2.399999999999999911e-01 4.000000000000000222e-01
5.999999999999999778e-01 1.000000000000000000e+00 2.000000000000000042e-02 2.399999999999999911e-01 4.000000000000000222e-01
9.000000000000000222e-01 2.000000000000000111e-01 8.000000000000000167e-02 1.499999999999999944e-01 8.000000000000000444e-01
5.999999999999999778e-01 2.000000000000000111e-01 2.000000000000000042e-02 2.399999999999999911e-01 4.000000000000000222e-01
2.000000000000000111e-01 1.000000000000000000e+00 1.199999999999999956e-01 1.499999999999999944e-01 1.199999999999999956e+00
2.000000000000000111e-01 1.000000000000000000e+00 8.000000000000000167e-02 4.000000000000000222e-01 8.000000000000000444e-01
5.999999999999999778e-01 5.999999999999999778e-01 1.199999999999999956e-01 4.000000000000000222e-01 4.000000000000000222e-01
2.000000000000000111e-01 1.000000000000000000e+00 1.199999999999999956e-01 4.000000000000000222e-01 4.000000000000000222e-01
2.000000000000000111e-01 2.000000000000000111e-01 1.199999999999999956e-01 4.000000000000000222e-01 8.000000000000000444e-01
2.000000000000000111e-01 2.000000000000000111e-01 2.000000000000000042e-02 1.499999999999999944e-01 1.199999999999999956e+00
9.000000000000000222e-01 1.000000000000000000e+00 8.000000000000000167e-02 1.499999999999999944e-01 1.199999999999999956e+00
9.000000000000000222e-01 5.999999999999999778e-01 8.000000000000000167e-02 1.499999999999999944e-01 4.000000000000000222e-01
9.000000000000000222e-01 2.000000000000000111e-01 8.000000000000000167e-02 4.000000000000000222e-01 1.199999999999999956e+00
2.000000000000000111e-01 5.999999999999999778e-01 8.000000000000000167e-02 1.499999999999999944e-01 1.199999999999999956e+00
9.000000000000000222e-01 5.999999999999999778e-01 2.000000000000000042e-02 2.399999999999999911e-01 4.000000000000000222e-01
9.000000000000000222e-01 5.999999999999999778e-01 1.199999999999999956e-01 1.499999999999999944e-01 8.000000000000000444e-01
9.000000000000000222e-01 2.000000000000000111e-01 1.199999999999999956e-01 4.000000000000000222e-01 8.000000000000000444e-01
5.999999999999999778e-01 5.999999999999999778e-01 8.000000000000000167e-02 1.499999999999999944e-01 8.000000000000000444e-01
2.000000000000000111e-01 5.999999999999999778e-01 1.199999999999999956e-01 4.000000000000000222e-01 8.000000000000000444e-01
2.000000000000000111e-01 5.999999999999999778e-01 2.000000000000000042e-02 2.399999999999999911e-01 1.199999999999999956e+00
9.000000000000000222e-01 5.999999999999999778e-01 8.000000000000000167e-02 2.399999999999999911e-01 8.000000000000000444e-01
9.000000000000000222e-01 1.000000000000000000e+00 8.000000000000000167e-02 1.499999999999999944e-01 8.000000000000000444e-01
5.999999999999999778e-01 5.999999999999999778e-01 1.199999999999999956e-01 2.399999999999999911e-01 4.000000000000000222e-01
5.999999999999999778e-01 2.000000000000000111e-01 2.000000000000000042e-02 4.000000000000000222e-01 8.000000000000000444e-01
9.000000000000000222e-01 1.000000000000000000e+00 1.199999999999999956e-01 4.000000000000000222e-01 1.199999999999999956e+00
9.000000000000000222e-01 1.000000000000000000e+00 8.000000000000000167e-02 1.499999999999999944e-01 4.000000000000000222e-01
2.000000000000000111e-01 2.000000000000000111e-01 8.000000000000000167e-02 4.000000000000000222e-01 8.000000000000000444e-01
5.999999999999999778e-01 2.000000000000000111e-01 1.199999999999999956e-01 4.000000000000000222e-01 4.000000000000000222e-01
5.999999999999999778e-01 1.000000000000000000e+00 2.000000000000000042e-02 2.399999999999999911e-01 8.000000000000000444e-01
2.000000000000000111e-01 2.000000000000000111e-01 1.199999999999999956e-01 1.499999999999999944e-01 8.000000000000000444e-01
2.000000000000000111e-01 1.000000000000000000e+00 1.199999999999999956e-01 2.399999999999999911e-01 4.000000000000000222e-01
5.999999999999999778e-01 1.000000000000000000e+00 2.000000000000000042e-02 1.499999999999999944e-01 8.000000000000000444e-01
5.999999999999999778e-01 2.000000000000000111e-01 8.000000000000000167e-02 2.399999999999999911e-01 1.199999999999999956e+00
9.000000000000000222e-01 2.000000000000000111e-01 8.000000000000000167e-02 4.000000000000000222e-01 8.000000000000000444e-01
5.999999999999999778e-01 2.000000000000000111e-01 1.199999999999999956e-01 2.399999999999999911e-01 1.199999999999999956e+00
5.999999999999999778e-01 1.000000000000000000e+00 1.199999999999999956e-01 1.499999999999999944e-01 8.000000000000000444e-01
5.999999999999999778e-01 1.000000000000000000e+00 8.000000000000000167e-02 4.000000000000000222e-01 1.199999999999999956e+00
5.999999999999999778e-01 2.000000000000000111e-01 8.000000000000000167e-02 1.499999999999999944e-01 4.000000000000000222e-01
9.000000000000000222e-01 2.000000000000000111e-01 2.000000000000000042e-02 1.499999999999999944e-01 1.199999999999999956e+00
2.000000000000000111e-01 1.000000000000000000e+00 8.000000000000000167e-02 1.499999999999999944e-01 1.199999999999999956e+00
2.000000000000000111e-01 5.999999999999999778e-01 8.000000000000000167e-02 2.399999999999999911e-01 4.000000000000000222e-01
9.000000000000000222e-01 1.000000000000000000e+00 2.000000000000000042e-02 2.399999999999999911e-01 8.000000000000000444e-01
9.000000000000000222e-01 2.000000000000000111e-01 1.199999999999999956e-01 1.499999999999999944e-01 8.000000000000000444e-01
9.000000000000000222e-01 1.000000000000000000e+00 2.000000000000000042e-02 4.000000000000000222e-01 4.000000000000000222e-01
5.999999999999999778e-01 2.000000000000000111e-01 1.199999999999999956e-01 2.399999999999999911e-01 8.000000000000000444e-01
9.000000000000000222e-01 2.000000000000000111e-01 2.000000000000000042e-02 4.000000000000000222e-01 1.199999999999999956e+00
9.000000000000000222e-01 2.000000000000000111e-01 1.199999999999999956e-01 1.499999999999999944e-01 4.000000000000000222e-01
5.999999999999999778e-01 5.999999999999999778e-01 1.199999999999999956e-01 1.499999999999999944e-01 4.000000000000000222e-01
5.999999999999999778e-01 5.999999999999999778e-01 8.000000000000000167e-02 1.499999999999999944e-01 1.199999999999999956e+00
9.000000000000000222e-01 1.000000000000000000e+00 2.000000000000000042e-02 2.399999999999999911e-01 1.199999999999999956e+00
5.999999999999999778e-01 5.999999999999999778e-01 8.000000000000000167e-02 4.000000000000000222e-01 1.199999999999999956e+00
9.000000000000000222e-01 5.999999999999999778e-01 2.000000000000000042e-02 4.000000000000000222e-01 8.000000000000000444e-01
9.000000000000000222e-01 5.999999999999999778e-01 2.000000000000000042e-02 4.000000000000000222e-01 1.199999999999999956e+00
5.999999999999999778e-01 5.999999999999999778e-01 8.000000000000000167e-02 2.399999999999999911e-01 8.000000000000000444e-01
9.000000000000000222e-01 5.999999999999999778e-01 1.199999999999999956e-01 4.000000000000000222e-01 8.000000000000000444e-01
2.000000000000000111e-01 5.999999999999999778e-01 2.000000000000000042e-02 4.000000000000000222e-01 1.199999999999999956e+00
2.000000000000000111e-01 5.999999999999999778e-01 2.000000000000000042e-02 1.499999999999999944e-01 4.000000000000000222e-01
2.000000000000000111e-01 5.999999999999999778e-01 2.000000000000000042e-02 1.499999999999999944e-01 8.000000000000000444e-01
5.999999999999999778e-01 1.000000000000000000e+00 2.000000000000000042e-02 4.000000000000000222e-01 4.000000000000000222e-01
2.000000000000000111e-01 2.000000000000000111e-01 1.199999999999999956e-01 2.399999999999999911e-01 8.000000000000000444e-01
2.000000000000000111e-01 2.000000000000000111e-01 1.199999999999999956e-01 1.499999999999999944e-01 4.000000000000000222e-01
9.000000000000000222e-01 1.000000000000000000e+00 1.199999999999999956e-01 1.499999999999999944e-01 1.199999999999999956e+00
2.000000000000000111e-01 1.000000000000000000e+00 1.199999999999999956e-01 2.399999999999999911e-01 1.199999999999999956e+00
2.000000000000000111e-01 2.000000000000000111e-01 2.000000000000000042e-02 4.000000000000000222e-01 4.000000000000000222e-01
9.000000000000000222e-01 5.999999999999999778e-01 2.000000000000000042e-02 2.399999999999999911e-01 8.000000000000000444e-01
9.000000000000000222e-01 5.999999999999999778e-01 1.199999999999999956e-01 2.399999999999999911e-01 8.000000000000000444e-01
5.999999999999999778e-01 5.999999999999999778e-01 8.000000000000000167e-02 1.499999999999999944e-01 4.000000000000000222e-01
5.999999999999999778e-01 5.999999999999999778e-01 1.199999999999999956e-01 4.000000000000000222e-01 1.199999999999999956e+00
5.999999999999999778e-01 1.000000000000000000e+00 1.199999999999999956e-01 2.399999999999999911e-01 8.000000000000000444e-01
9.000000000000000222e-01 2.000000000000000111e-01 2.000000000000000042e-02 2.399999999999999911e-01 8.000000000000000444e-01
9.000000000000000222e-01 5.999999999999999778e-01 2.000000000000000042e-02 4.000000000000000222e-01 4.000000000000000222e-01
2.000000000000000111e-01 1.000000000000000000e+00 2.000000000000000042e-02 1.499999999999999944e-01 8.000000000000000444e-01
2.000000000000000111e-01 1.000000000000000000e+00 2.000000000000000042e-02 2.399999999999999911e-01 1.199999999999999956e+00
9.000000000000000222e-01 1.000000000000000000e+00 1.199999999999999956e-01 2.399999999999999911e-01 1.199999999999999956e+00
2.000000000000000111e-01 5.999999999999999778e-01 1.199999999999999956e-01 1.499999999999999944e-01 1.199999999999999956e+00
2.000000000000000111e-01 5.999999999999999778e-01 8.000000000000000167e-02 4.000000000000000222e-01 8.000000000000000444e-01
9.000000000000000222e-01 2.000000000000000111e-01 1.199999999999999956e-01 4.000000000000000222e-01 4.000000000000000222e-01
2.000000000000000111e-01 1.000000000000000000e+00 8.000000000000000167e-02 1.499999999999999944e-01 4.000000000000000222e-01
9.000000000000000222e-01 5.999999999999999778e-01 1.199999999999999956e-01 4.000000000000000222e-01 4.000000000000000222e-01
5.999999999999999778e-01 2.000000000000000111e-01 2.000000000000000042e-02 1.499999999999999944e-01 1.199999999999999956e+00
2.000000000000000111e-01 1.000000000000000000e+00 8.000000000000000167e-02 4.000000000000000222e-01 1.199999999999999956e+00
2.000000000000000111e-01 1.000000000000000000e+00 2.000000000000000042e-02 2.399999999999999911e-01 8.000000000000000444e-01
2.000000000000000111e-01 1.000000000000000000e+00 2.000000000000000042e-02 4.000000000000000222e-01 8.000000000000000444e-01
2.000000000000000111e-01 1.000000000000000000e+00 2.000000000000000042e-02 1.499999999999999944e-01 1.199999999999999956e+00
2.000000000000000111e-01 1.000000000000000000e+00 2.000000000000000042e-02 4.000000000000000222e-01 4.000000000000000222e-01
2.000000000000000111e-01 5.999999999999999778e-01 1.199999999999999956e-01 4.000000000000000222e-01 1.199999999999999956e+00
2.000000000000000111e-01 2.000000000000000111e-01 2.000000000000000042e-02 1.499999999999999944e-01 4.000000000000000222e-01
9.000000000000000222e-01 1.000000000000000000e+00 2.000000000000000042e-02 1.499999999999999944e-01 4.000000000000000222e-01
2.000000000000000111e-01 2.000000000000000111e-01 2.000000000000000042e-02 4.000000000000000222e-01 8.000000000000000444e-01
2.000000000000000111e-01 1.000000000000000000e+00 2.000000000000000042e-02 2.399999999999999911e-01 4.000000000000000222e-01
5.999999999999999778e-01 5.999999999999999778e-01 1.199999999999999956e-01 2.399999999999999911e-01 1.199999999999999956e+00
2.000000000000000111e-01 1.000000000000000000e+00 8.000000000000000167e-02 2.399999999999999911e-01 8.000000000000000444e-01
2.000000000000000111e-01 2.000000000000000111e-01 8.000000000000000167e-02 1.499999999999999944e-01 8.000000000000000444e-01
9.000000000000000222e-01 1.000000000000000000e+00 2.000000000000000042e-02 2.399999999999999911e-01 4.000000000000000222e-01
2.000000000000000111e-01 2.000000000000000111e-01 1.199999999999999956e-01 4.000000000000000222e-01 1.199999999999999956e+00
2.000000000000000111e-01 2.000000000000000111e-01 8.000000000000000167e-02 2.399999999999999911e-01 1.199999999999999956e+00
2.000000000000000111e-01 1.000000000000000000e+00 8.000000000000000167e-02 2.399999999999999911e-01 1.199999999999999956e+00
5.999999999999999778e-01 2.000000000000000111e-01 2.000000000000000042e-02 2.399999999999999911e-01 8.000000000000000444e-01
5.999999999999999778e-01 1.000000000000000000e+00 1.199999999999999956e-01 4.000000000000000222e-01 8.000000000000000444e-01
2.000000000000000111e-01 1.000000000000000000e+00 8.000000000000000167e-02 2.399999999999999911e-01 4.000000000000000222e-01
9.000000000000000222e-01 2.000000000000000111e-01 1.199999999999999956e-01 1.499999999999999944e-01 1.199999999999999956e+00
5.999999999999999778e-01 2.000000000000000111e-01 8.000000000000000167e-02 1.499999999999999944e-01 8.000000000000000444e-01
2.000000000000000111e-01 2.000000000000000111e-01 2.000000000000000042e-02 4.000000000000000222e-01 1.199999999999999956e+00
5.999999999999999778e-01 2.000000000000000111e-01 1.199999999999999956e-01 1.499999999999999944e-01 8.000000000000000444e-01
9.000000000000000222e-01 2.000000000000000111e-01 8.000000000000000167e-02 1.499999999999999944e-01 4.000000000000000222e-01
5.999999999999999778e-01 1.000000000000000000e+00 8.000000000000000167e-02 4.000000000000000222e-01 4.000000000000000222e-01
9.000000000000000222e-01 1.000000000000000000e+00 1.199999999999999956e-01 4.000000000000000222e-01 4.000000000000000222e-01
5.999999999999999778e-01 1.000000000000000000e+00 2.000000000000000042e-02 4.000000000000000222e-01 8.000000000000000444e-01
5.999999999999999778e-01 1.000000000000000000e+00 2.000000000000000042e-02 4.000000000000000222e-01 1.199999999999999956e+00
2.000000000000000111e-01 2.000000000000000111e-01 1.199999999999999956e-01 1.499999999999999944e-01 1.199999999999999956e+00
2.000000000000000111e-01 1.000000000000000000e+00 2.000000000000000042e-02 4.000000000000000222e-01 1.199999999999999956e+00
5.999999999999999778e-01 2.000000000000000111e-01 2.000000000000000042e-02 4.000000000000000222e-01 1.199999999999999956e+00
5.999999999999999778e-01 5.999999999999999778e-01 2.000000000000000042e-02 1.499999999999999944e-01 8.000000000000000444e-01
5.999999999999999778e-01 5.999999999999999778e-01 2.000000000000000042e-02 2.399999999999999911e-01 8.000000000000000444e-01
5.999999999999999778e-01 5.999999999999999778e-01 2.000000000000000042e-02 4.000000000000000222e-01 4.000000000000000222e-01
9.000000000000000222e-01 1.000000000000000000e+00 8.000000000000000167e-02 4.000000000000000222e-01 8.000000000000000444e-01
9.000000000000000222e-01 5.999999999999999778e-01 8.000000000000000167e-02 1.499999999999999944e-01 1.199999999999999956e+00
2.000000000000000111e-01 2.000000000000000111e-01 8.000000000000000167e-02 1.499999999999999944e-01 4.000000000000000222e-01
5.999999999999999778e-01 5.999999999999999778e-01 8.000000000000000167e-02 2.399999999999999911e-01 1.199999999999999956e+00
5.999999999999999778e-01 1.000000000000000000e+00 8.000000000000000167e-02 2.399999999999999911e-01 4.000000000000000222e-01
5.999999999999999778e-01 2.000000000000000111e-01 1.199999999999999956e-01 1.499999999999999944e-01 1.199999999999999956e+00
2.000000000000000111e-01 5.999999999999999778e-01 1.199999999999999956e-01 1.499999999999999944e-01 4.000000000000000222e-01
9.000000000000000222e-01 5.999999999999999778e-01 2.000000000000000042e-02 1.499999999999999944e-01 8.000000000000000444e-01
9.000000000000000222e-01 1.000000000000000000e+00 8.000000000000000167e-02 2.399999999999999911e-01 1.199999999999999956e+00
9.000000000000000222e-01 2.000000000000000111e-01 2.000000000000000042e-02 4.000000000000000222e-01 4.000000000000000222e-01
9.000000000000000222e-01 2.000000000000000111e-01 8.000000000000000167e-02 2.399999999999999911e-01 1.199999999999999956e+00
5.999999999999999778e-01 1.000000000000000000e+00 8.000000000000000167e-02 2.399999999999999911e-01 8.000000000000000444e-01
5.999999999999999778e-01 1.000000000000000000e+00 2.000000000000000042e-02 2.399999999999999911e-01 1.199999999999999956e+00
5.999999999999999778e-01 2.000000000000000111e-01 8.000000000000000167e-02 2.399999999999999911e-01 8.000000000000000444e-01
9.000000000000000222e-01 5.999999999999999778e-01 2.000000000000000042e-02 2.399999999999999911e-01 1.199999999999999956e+00
5.999999999999999778e-01 2.000000000000000111e-01 2.000000000000000042e-02 1.499999999999999944e-01 4.000000000000000222e-01
2.000000000000000111e-01 5.999999999999999778e-01 1.199999999999999956e-01 2.399999999999999911e-01 8.000000000000000444e-01
9.000000000000000222e-01 5.999999999999999778e-01 8.000000000000000167e-02 4.000000000000000222e-01 4.000000000000000222e-01
5.999999999999999778e-01 1.000000000000000000e+00 1.199999999999999956e-01 2.399999999999999911e-01 4.000000000000000222e-01
9.000000000000000222e-01 1.000000000000000000e+00 1.199999999999999956e-01 1.499999999999999944e-01 4.000000000000000222e-01
9.000000000000000222e-01 1.000000000000000000e+00 8.000000000000000167e-02 4.000000000000000222e-01 1.199999999999999956e+00
9.000000000000000222e-01 2.000000000000000111e-01 1.199999999999999956e-01 2.399999999999999911e-01 8.000000000000000444e-01
5.999999999999999778e-01 5.999999999999999778e-01 2.000000000000000042e-02 4.000000000000000222e-01 1.199999999999999956e+00
2.000000000000000111e-01 2.000000000000000111e-01 2.000000000000000042e-02 2.399999999999999911e-01 8.000000000000000444e-01
2.000000000000000111e-01 1.000000000000000000e+00 1.199999999999999956e-01 1.499999999999999944e-01 8.000000000000000444e-01
2.000000000000000111e-01 2.000000000000000111e-01 8.000000000000000167e-02 2.399999999999999911e-01 4.000000000000000222e-01
9.000000000000000222e-01 2.000000000000000111e-01 8.000000000000000167e-02 1.499999999999999944e-01 1.199999999999999956e+00
5.999999999999999778e-01 1.000000000000000000e+00 1.199999999999999956e-01 2.399999999999999911e-01 1.199999999999999956e+00
9.000000000000000222e-01 1.000000000000000000e+00 1.199999999999999956e-01 2.399999999999999911e-01 8.000000000000000444e-01
5.999999999999999778e-01 1.000000000000000000e+00 2.000000000000000042e-02 1.499999999999999944e-01 1.199999999999999956e+00
2.000000000000000111e-01 5.999999999999999778e-01 1.199999999999999956e-01 2.399999999999999911e-01 4.000000000000000222e-01
9.000000000000000222e-01 2.000000000000000111e-01 2.000000000000000042e-02 2.399999999999999911e-01 4.000000000000000222e-01
5.999999999999999778e-01 1.000000000000000000e+00 2.000000000000000042e-02 1.499999999999999944e-01 4.000000000000000222e-01
5.999999999999999778e-01 2.000000000000000111e-01 8.000000000000000167e-02 1.499999999999999944e-01 1.199999999999999956e+00
2.000000000000000111e-01 5.999999999999999778e-01 1.199999999999999956e-01 2.399999999999999911e-01 1.199999999999999956e+00
5.999999999999999778e-01 1.000000000000000000e+00 1.199999999999999956e-01 4.000000000000000222e-01 1.199999999999999956e+00
2.000000000000000111e-01 1.000000000000000000e+00 1.199999999999999956e-01 2.399999999999999911e-01 8.000000000000000444e-01
5.999999999999999778e-01 1.000000000000000000e+00 1.199999999999999956e-01 1.499999999999999944e-01 4.000000000000000222e-01
5.999999999999999778e-01 1.000000000000000000e+00 8.000000000000000167e-02 2.399999999999999911e-01 1.199999999999999956e+00
5.999999999999999778e-01 5.999999999999999778e-01 1.199999999999999956e-01 2.399999999999999911e-01 8.000000000000000444e-01
5.999999999999999778e-01 5.999999999999999778e-01 2.000000000000000042e-02 1.499999999999999944e-01 1.199999999999999956e+00
9.000000000000000222e-01 5.999999999999999778e-01 8.000000000000000167e-02 4.000000000000000222e-01 8.000000000000000444e-01
5.999999999999999778e-01 2.000000000000000111e-01 2.000000000000000042e-02 1.499999999999999944e-01 8.000000000000000444e-01
2.000000000000000111e-01 1.000000000000000000e+00 2.000000000000000042e-02 1.499999999999999944e-01 4.000000000000000222e-01
9.000000000000000222e-01 1.000000000000000000e+00 2.000000000000000042e-02 4.000000000000000222e-01 1.199999999999999956e+00
2.000000000000000111e-01 2.000000000000000111e-01 8.000000000000000167e-02 2.399999999999999911e-01 8.000000000000000444e-01
2.000000000000000111e-01 2.000000000000000111e-01 1.199999999999999956e-01 2.399999999999999911e-01 4.000000000000000222e-01
9.000000000000000222e-01 1.000000000000000000e+00 1.199999999999999956e-01 4.000000000000000222e-01 8.000000000000000444e-01
2.000000000000000111e-01 5.999999999999999778e-01 8.000000000000000167e-02 1.499999999999999944e-01 4.000000000000000222e-01
5.999999999999999778e-01 1.000000000000000000e+00 1.199999999999999956e-01 4.000000000000000222e-01 4.000000000000000222e-01
5.999999999999999778e-01 1.000000000000000000e+00 1.199999999999999956e-01 1.499999999999999944e-01 1.199999999999999956e+00
5.999999999999999778e-01 2.000000000000000111e-01 8.000000000000000167e-02 4.000000000000000222e-01 4.000000000000000222e-01
2.000000000000000111e-01 1.000000000000000000e+00 1.199999999999999956e-01 4.000000000000000222e-01 8.000000000000000444e-01
2.000000000000000111e-01 2.000000000000000111e-01 2.000000000000000042e-02 2.399999999999999911e-01 1.199999999999999956e+00
5.999999999999999778e-01 5.999999999999999778e-01 8.000000000000000167e-02 4.000000000000000222e-01 4.000000000000000222e-01
5.999999999999999778e-01 5.999999999999999778e-01 2.000000000000000042e-02 2.399999999999999911e-01 4.000000000000000222e-01
2.000000000000000111e-01 5.999999999999999778e-01 8.000000000000000167e-02 2.399999999999999911e-01 1.199999999999999956e+00
9.000000000000000222e-01 1.000000000000000000e+00 8.000000000000000167e-02 2.399999999999999911e-01 4.000000000000000222e-01
2.000000000000000111e-01 2.000000000000000111e-01 2.000000000000000042e-02 1.499999999999999944e-01 8.000000000000000444e-01
5.999999999999999778e-01 5.999999999999999778e-01 8.000000000000000167e-02 4.000000000000000222e-01 8.000000000000000444e-01
9.000000000000000222e-01 1.000000000000000000e+00 8.000000000000000167e-02 2.399999999999999911e-01 8.000000000000000444e-01
2.000000000000000111e-01 5.999999999999999778e-01 2.000000000000000042e-02 4.000000000000000222e-01 8.000000000000000444e-01
