-1.278724026182013862e+00 1.224744871391591605e+00 1.622214211307682341e-01 -1.096203996372569600e+00 -2.719479911021037838e-15
-1.278724026182013862e+00 1.224744871391591605e+00 1.135549947915342806e+00 -1.096203996372569600e+00 -1.224744871391592271e+00
-1.278724026182013862e+00 -1.224744871391585832e+00 1.622214211307682341e-01 1.321893054449284177e+00 -1.224744871391592271e+00
1.162476387438181602e-01 2.719479911021035866e-15 1.622214211307682341e-01 -2.256890580767023924e-01 -1.224744871391592271e+00
1.162476387438181602e-01 -1.224744871391585832e+00 -1.297771369046093914e+00 -2.256890580767023924e-01 1.224744871391586498e+00
1.162476387438181602e-01 2.719479911021035866e-15 -1.297771369046093914e+00 1.321893054449284177e+00 -2.719479911021037838e-15
1.162476387438192482e+00 1.224744871391591605e+00 1.622214211307682341e-01 1.321893054449284177e+00 -1.224744871391592271e+00
1.162476387438181602e-01 2.719479911021035866e-15 1.135549947915342806e+00 1.321893054449284177e+00 -2.719479911021037838e-15
1.162476387438181602e-01 1.224744871391591605e+00 1.622214211307682341e-01 -1.096203996372569600e+00 -2.719479911021037838e-15
1.162476387438192482e+00 -1.224744871391585832e+00 -1.297771369046093914e+00 -1.096203996372569600e+00 -1.224744871391592271e+00
1.162476387438192482e+00 -1.224744871391585832e+00 1.622214211307682341e-01 -2.256890580767023924e-01 -1.224744871391592271e+00
-1.278724026182013862e+00 2.719479911021035866e-15 -1.297771369046093914e+00 -2.256890580767023924e-01 -1.224744871391592271e+00
1.162476387438192482e+00 2.719479911021035866e-15 -1.297771369046093914e+00 -1.096203996372569600e+00 1.224744871391586498e+00
1.162476387438192482e+00 -1.224744871391585832e+00 1.135549947915342806e+00 -2.256890580767023924e-01 -1.224744871391592271e+00
1.162476387438192482e+00 1.224744871391591605e+00 -1.297771369046093914e+00 -1.096203996372569600e+00 -2.719479911021037838e-15
-1.278724026182013862e+00 1.224744871391591605e+00 1.135549947915342806e+00 1.321893054449284177e+00 1.224744871391586498e+00
1.162476387438192482e+00 2.719479911021035866e-15 -1.297771369046093914e+00 -1.096203996372569600e+00 -1.224744871391592271e+00
-1.278724026182013862e+00 -1.224744871391585832e+00 1.135549947915342806e+00 1.321893054449284177e+00 -1.224744871391592271e+00
1.162476387438181602e-01 1.224744871391591605e+00 1.622214211307682341e-01 -1.096203996372569600e+00 -1.224744871391592271e+00
-1.278724026182013862e+00 1.224744871391591605e+00 1.622214211307682341e-01 1.321893054449284177e+00 -1.224744871391592271e+00
1.162476387438181602e-01 -1.224744871391585832e+00 -1.297771369046093914e+00 1.321893054449284177e+00 -1.224744871391592271e+00
1.162476387438181602e-01 -1.224744871391585832e+00 1.135549947915342806e+00 1.321893054449284177e+00 1.224744871391586498e+00
1.162476387438181602e-01 2.719479911021035866e-15 -1.297771369046093914e+00 -2.256890580767023924e-01 1.224744871391586498e+00
1.162476387438181602e-01 -1.224744871391585832e+00 1.135549947915342806e+00 -2.256890580767023924e-01 -1.224744871391592271e+00
1.162476387438192482e+00 1.224744871391591605e+00 1.135549947915342806e+00 -1.096203996372569600e+00 -2.719479911021037838e-15
-1.278724026182013862e+00 2.719479911021035866e-15 1.622214211307682341e-01 1.321893054449284177e+00 1.224744871391586498e+00
1.162476387438192482e+00 2.719479911021035866e-15 1.135549947915342806e+00 -2.256890580767023924e-01 -1.224744871391592271e+00
1.162476387438192482e+00 -1.224744871391585832e+00 1.135549947915342806e+00 -2.256890580767023924e-01 1.224744871391586498e+00
-1.278724026182013862e+00 2.719479911021035866e-15 -1.297771369046093914e+00 -1.096203996372569600e+00 1.224744871391586498e+00
-1.278724026182013862e+00 -1.224744871391585832e+00 1.622214211307682341e-01 1.321893054449284177e+00 1.224744871391586498e+00
1.162476387438192482e+00 2.719479911021035866e-15 1.135549947915342806e+00 -2.256890580767023924e-01 1.224744871391586498e+00
1.162476387438192482e+00 -1.224744871391585832e+00 -1.297771369046093914e+00 -2.256890580767023924e-01 1.224744871391586498e+00
-1.278724026182013862e+00 2.719479911021035866e-15 1.622214211307682341e-01 -2.256890580767023924e-01 -2.719479911021037838e-15
-1.278724026182013862e+00 2.719479911021035866e-15 1.622214211307682341e-01 1.321893054449284177e+00 -1.224744871391592271e+00
1.162476387438192482e+00 2.719479911021035866e-15 1.135549947915342806e+00 1.321893054449284177e+00 1.224744871391586498e+00
-1.278724026182013862e+00 2.719479911021035866e-15 -1.297771369046093914e+00 -2.256890580767023924e-01 -2.719479911021037838e-15
1.162476387438192482e+00 -1.224744871391585832e+00 -1.297771369046093914e+00 1.321893054449284177e+00 -2.719479911021037838e-15
-1.278724026182013862e+00 -1.224744871391585832e+00 1.135549947915342806e+00 -2.256890580767023924e-01 1.224744871391586498e+00
-1.278724026182013862e+00 2.719479911021035866e-15 1.135549947915342806e+00 -1.096203996372569600e+00 -2.719479911021037838e-15
1.162476387438181602e-01 2.719479911021035866e-15 -1.297771369046093914e+00 -1.096203996372569600e+00 -1.224744871391592271e+00
1.162476387438181602e-01 1.224744871391591605e+00 1.622214211307682341e-01 1.321893054449284177e+00 -2.719479911021037838e-15
1.162476387438192482e+00 1.224744871391591605e+00 1.135549947915342806e+00 -2.256890580767023924e-01 -1.224744871391592271e+00
1.162476387438192482e+00 1.224744871391591605e+00 -1.297771369046093914e+00 -1.096203996372569600e+00 1.224744871391586498e+00
-1.278724026182013862e+00 -1.224744871391585832e+00 -1.297771369046093914e+00 -2.256890580767023924e-01 -1.224744871391592271e+00
1.162476387438181602e-01 1.224744871391591605e+00 -1.297771369046093914e+00 -2.256890580767023924e-01 -1.224744871391592271e+00
1.162476387438192482e+00 -1.224744871391585832e+00 1.622214211307682341e-01 -1.096203996372569600e+00 -2.719479911021037838e-15
1.162476387438181602e-01 -1.224744871391585832e+00 -1.297771369046093914e+00 -2.256890580767023924e-01 -1.224744871391592271e+00
-1.278724026182013862e+00 1.224744871391591605e+00 1.135549947915342806e+00 -1.096203996372569600e+00 1.224744871391586498e+00
-1.278724026182013862e+00 1.224744871391591605e+00 1.622214211307682341e-01 1.321893054449284177e+00 -2.719479911021037838e-15
1.162476387438181602e-01 2.719479911021035866e-15 1.135549947915342806e+00 1.321893054449284177e+00 -1.224744871391592271e+00
-1.278724026182013862e+00 1.224744871391591605e+00 1.135549947915342806e+00 1.321893054449284177e+00 -1.224744871391592271e+00
-1.278724026182013862e+00 -1.224744871391585832e+00 1.135549947915342806e+00 1.321893054449284177e+00 -2.719479911021037838e-15
-1.278724026182013862e+00 -1.224744871391585832e+00 -1.297771369046093914e+00 -1.096203996372569600e+00 1.224744871391586498e+00
1.162476387438192482e+00 1.224744871391591605e+00 1.622214211307682341e-01 -1.096203996372569600e+00 1.224744871391586498e+00
1.162476387438192482e+00 2.719479911021035866e-15 1.622214211307682341e-01 -1.096203996372569600e+00 -1.224744871391592271e+00
1.162476387438192482e+00 -1.224744871391585832e+00 1.622214211307682341e-01 1.321893054449284177e+00 1.224744871391586498e+00
-1.278724026182013862e+00 2.719479911021035866e-15 1.622214211307682341e-01 -1.096203996372569600e+00 1.224744871391586498e+00
1.162476387438192482e+00 2.719479911021035866e-15 -1.297771369046093914e+00 -2.256890580767023924e-01 -1.224744871391592271e+00
1.162476387438192482e+00 2.719479911021035866e-15 1.135549947915342806e+00 -1.096203996372569600e+00 -2.719479911021037838e-15
1.162476387438192482e+00 -1.224744871391585832e+00 1.135549947915342806e+00 1.321893054449284177e+00 -2.719479911021037838e-15
1.162476387438181602e-01 2.719479911021035866e-15 1.622214211307682341e-01 -1.096203996372569600e+00 -2.719479911021037838e-15
-1.278724026182013862e+00 2.719479911021035866e-15 1.135549947915342806e+00 1.321893054449284177e+00 -2.719479911021037838e-15
-1.278724026182013862e+00 2.719479911021035866e-15 -1.297771369046093914e+00 -2.256890580767023924e-01 1.224744871391586498e+00
1.162476387438192482e+00 2.719479911021035866e-15 1.622214211307682341e-01 -2.256890580767023924e-01 -2.719479911021037838e-15
1.162476387438192482e+00 1.224744871391591605e+00 1.622214211307682341e-01 -1.096203996372569600e+00 -2.719479911021037838e-15
1.162476387438181602e-01 2.719479911021035866e-15 1.135549947915342806e+00 -2.256890580767023924e-01 -1.224744871391592271e+00
1.162476387438181602e-01 -1.224744871391585832e+00 -1.297771369046093914e+00 1.321893054449284177e+00 -2.719479911021037838e-15
1.162476387438192482e+00 1.224744871391591605e+00 1.135549947915342806e+00 1.321893054449284177e+00 1.224744871391586498e+00
1.162476387438192482e+00 1.224744871391591605e+00 1.622214211307682341e-01 -1.096203996372569600e+00 -1.224744871391592271e+00
-1.278724026182013862e+00 -1.224744871391585832e+00 1.622214211307682341e-01 1.321893054449284177e+00 -2.719479911021037838e-15
1.162476387438181602e-01 -1.224744871391585832e+00 1.135549947915342806e+00 1.321893054449284177e+00 -1.224744871391592271e+00
1.162476387438181602e-01 1.224744871391591605e+00 -1.297771369046093914e+00 -2.256890580767023924e-01 -2.719479911021037838e-15
-1.278724026182013862e+00 -1.224744871391585832e+00 1.135549947915342806e+00 -1.096203996372569600e+00 -2.719479911021037838e-15
-1.278724026182013862e+00 1.224744871391591605e+00 1.135549947915342806e+00 -2.256890580767023924e-01 -1.224744871391592271e+00
1.162476387438181602e-01 1.224744871391591605e+00 -1.297771369046093914e+00 -1.096203996372569600e+00 -2.719479911021037838e-15
1.162476387438181602e-01 -1.224744871391585832e+00 1.622214211307682341e-01 -2.256890580767023924e-01 1.224744871391586498e+00
1.162476387438192482e+00 -1.224744871391585832e+00 1.622214211307682341e-01 1.321893054449284177e+00 -2.719479911021037838e-15
1.162476387438181602e-01 -1.224744871391585832e+00 1.135549947915342806e+00 -2.256890580767023924e-01 1.224744871391586498e+00
1.162476387438181602e-01 1.224744871391591605e+00 1.135549947915342806e+00 -1.096203996372569600e+00 -2.719479911021037838e-15
1.162476387438181602e-01 1.224744871391591605e+00 1.622214211307682341e-01 1.321893054449284177e+00 1.224744871391586498e+00
1.162476387438181602e-01 -1.224744871391585832e+00 1.622214211307682341e-01 -1.096203996372569600e+00 -1.224744871391592271e+00
1.162476387438192482e+00 -1.224744871391585832e+00 -1.297771369046093914e+00 -1.096203996372569600e+00 1.224744871391586498e+00
-1.278724026182013862e+00 1.224744871391591605e+00 1.622214211307682341e-01 -1.096203996372569600e+00 1.224744871391586498e+00
-1.278724026182013862e+00 2.719479911021035866e-15 1.622214211307682341e-01 -2.256890580767023924e-01 -1.224744871391592271e+00
1.162476387438192482e+00 1.224744871391591605e+00 -1.297771369046093914e+00 -2.256890580767023924e-01 -2.719479911021037838e-15
1.162476387438192482e+00 -1.224744871391585832e+00 1.135549947915342806e+00 -1.096203996372569600e+00 -2.719479911021037838e-15
1.162476387438192482e+00 1.224744871391591605e+00 -1.297771369046093914e+00 1.321893054449284177e+00 -1.224744871391592271e+00
1.162476387438181602e-01 -1.224744871391585832e+00 1.135549947915342806e+00 -2.256890580767023924e-01 -2.719479911021037838e-15
1.162476387438192482e+00 -1.224744871391585832e+00 -1.297771369046093914e+00 1.321893054449284177e+00 1.224744871391586498e+00
1.162476387438192482e+00 -1.224744871391585832e+00 1.135549947915342806e+00 -1.096203996372569600e+00 -1.224744871391592271e+00
1.162476387438181602e-01 2.719479911021035866e-15 1.135549947915342806e+00 -1.096203996372569600e+00 -1.224744871391592271e+00
1.162476387438181602e-01 2.719479911021035866e-15 1.622214211307682341e-01 -1.096203996372569600e+00 1.224744871391586498e+00
1.162476387438192482e+00 1.224744871391591605e+00 -1.297771369046093914e+00 -2.256890580767023924e-01 1.224744871391586498e+00
1.162476387438181602e-01 2.719479911021035866e-15 1.622214211307682341e-01 1.321893054449284177e+00 1.224744871391586498e+00
1.162476387438192482e+00 2.719479911021035866e-15 -1.297771369046093914e+00 1.321893054449284177e+00 -2.719479911021037838e-15
1.162476387438192482e+00 2.719479911021035866e-15 -1.297771369046093914e+00 1.321893054449284177e+00 1.224744871391586498e+00
1.162476387438181602e-01 2.719479911021035866e-15 1.622214211307682341e-01 -2.256890580767023924e-01 -2.719479911021037838e-15
1.162476387438192482e+00 2.719479911021035866e-15 1.135549947915342806e+00 1.321893054449284177e+00 -2.719479911021037838e-15
-1.278724026182013862e+00 2.719479911021035866e-15 -1.297771369046093914e+00 1.321893054449284177e+00 1.224744871391586498e+00
-1.278724026182013862e+00 2.719479911021035866e-15 -1.297771369046093914e+00 -1.096203996372569600e+00 -1.224744871391592271e+00
-1.278724026182013862e+00 2.719479911021035866e-15 -1.297771369046093914e+00 -1.096203996372569600e+00 -2.719479911021037838e-15
1.162476387438181602e-01 1.224744871391591605e+00 -1.297771369046093914e+00 1.321893054449284177e+00 -1.224744871391592271e+00
-1.278724026182013862e+00 -1.224744871391585832e+00 1.135549947915342806e+00 -2.256890580767023924e-01 -2.719479911021037838e-15
-1.278724026182013862e+00 -1.224744871391585832e+00 1.135549947915342806e+00 -1.096203996372569600e+00 -1.224744871391592271e+00
1.162476387438192482e+00 1.224744871391591605e+00 1.135549947915342806e+00 -1.096203996372569600e+00 1.224744871391586498e+00
-1.278724026182013862e+00 1.224744871391591605e+00 1.135549947915342806e+00 -2.256890580767023924e-01 1.224744871391586498e+00
-1.278724026182013862e+00 -1.224744871391585832e+00 -1.297771369046093914e+00 1.321893054449284177e+00 -1.224744871391592271e+00
1.162476387438192482e+00 2.719479911021035866e-15 -1.297771369046093914e+00 -2.256890580767023924e-01 -2.719479911021037838e-15
1.162476387438192482e+00 2.719479911021035866e-15 1.135549947915342806e+00 -2.256890580767023924e-01 -2.719479911021037838e-15
1.162476387438181602e-01 2.719479911021035866e-15 1.622214211307682341e-01 -1.096203996372569600e+00 -1.224744871391592271e+00
1.162476387438181602e-01 2.719479911021035866e-15 1.135549947915342806e+00 1.321893054449284177e+00 1.224744871391586498e+00
1.162476387438181602e-01 1.224744871391591605e+00 1.135549947915342806e+00 -2.256890580767023924e-01 -2.719479911021037838e-15
1.162476387438192482e+00 -1.224744871391585832e+00 -1.297771369046093914e+00 -2.256890580767023924e-01 -2.719479911021037838e-15
1.162476387438192482e+00 2.719479911021035866e-15 -1.297771369046093914e+00 1.321893054449284177e+00 -1.224744871391592271e+00
-1.278724026182013862e+00 1.224744871391591605e+00 -1.297771369046093914e+00 -1.096203996372569600e+00 -2.719479911021037838e-15
-1.278724026182013862e+00 1.224744871391591605e+00 -1.297771369046093914e+00 -2.256890580767023924e-01 1.224744871391586498e+00
1.162476387438192482e+00 1.224744871391591605e+00 1.135549947915342806e+00 -2.256890580767023924e-01 1.224744871391586498e+00
-1.278724026182013862e+00 2.719479911021035866e-15 1.135549947915342806e+00 -1.096203996372569600e+00 1.224744871391586498e+00
-1.278724026182013862e+00 2.719479911021035866e-15 1.622214211307682341e-01 1.321893054449284177e+00 -2.719479911021037838e-15
1.162476387438192482e+00 -1.224744871391585832e+00 1.135549947915342806e+00 1.321893054449284177e+00 -1.224744871391592271e+00
-1.278724026182013862e+00 1.224744871391591605e+00 1.622214211307682341e-01 -1.096203996372569600e+00 -1.224744871391592271e+00
1.162476387438192482e+00 2.719479911021035866e-15 1.135549947915342806e+00 1.321893054449284177e+00 -1.224744871391592271e+00
1.162476387438181602e-01 -1.224744871391585832e+00 -1.297771369046093914e+00 -1.096203996372569600e+00 1.224744871391586498e+00
-1.278724026182013862e+00 1.224744871391591605e+00 1.622214211307682341e-01 1.321893054449284177e+00 1.224744871391586498e+00
-1.278724026182013862e+00 1.224744871391591605e+00 -1.297771369046093914e+00 -2.256890580767023924e-01 -2.719479911021037838e-15
-1.278724026182013862e+00 1.224744871391591605e+00 -1.297771369046093914e+00 1.321893054449284177e+00 -2.719479911021037838e-15
-1.278724026182013862e+00 1.224744871391591605e+00 -1.297771369046093914e+00 -1.096203996372569600e+00 1.224744871391586498e+00
-1.278724026182013862e+00 1.224744871391591605e+00 -1.297771369046093914e+00 1.321893054449284177e+00 -1.224744871391592271e+00
-1.278724026182013862e+00 2.719479911021035866e-15 1.135549947915342806e+00 1.321893054449284177e+00 1.224744871391586498e+00
-1.278724026182013862e+00 -1.224744871391585832e+00 -1.297771369046093914e+00 -1.096203996372569600e+00 -1.224744871391592271e+00
1.162476387438192482e+00 1.224744871391591605e+00 -1.297771369046093914e+00 -1.096203996372569600e+00 -1.224744871391592271e+00
-1.278724026182013862e+00 -1.224744871391585832e+00 -1.297771369046093914e+00 1.321893054449284177e+00 -2.719479911021037838e-15
-1.278724026182013862e+00 1.224744871391591605e+00 -1.297771369046093914e+00 -2.256890580767023924e-01 -1.224744871391592271e+00
1.162476387438181602e-01 2.719479911021035866e-15 1.135549947915342806e+00 -2.256890580767023924e-01 1.224744871391586498e+00
-1.278724026182013862e+00 1.224744871391591605e+00 1.622214211307682341e-01 -2.256890580767023924e-01 -2.719479911021037838e-15
-1.278724026182013862e+00 -1.224744871391585832e+00 1.622214211307682341e-01 -1.096203996372569600e+00 -2.719479911021037838e-15
1.162476387438192482e+00 1.224744871391591605e+00 -1.297771369046093914e+00 -2.256890580767023924e-01 -1.224744871391592271e+00
-1.278724026182013862e+00 -1.224744871391585832e+00 1.135549947915342806e+00 1.321893054449284177e+00 1.224744871391586498e+00
-1.278724026182013862e+00 -1.224744871391585832e+00 1.622214211307682341e-01 -2.256890580767023924e-01 1.224744871391586498e+00
-1.278724026182013862e+00 1.224744871391591605e+00 1.622214211307682341e-01 -2.256890580767023924e-01 1.224744871391586498e+00
1.162476387438181602e-01 -1.224744871391585832e+00 -1.297771369046093914e+00 -2.256890580767023924e-01 -2.719479911021037838e-15
1.162476387438181602e-01 1.224744871391591605e+00 1.135549947915342806e+00 1.321893054449284177e+00 -2.719479911021037838e-15
-1.278724026182013862e+00 1.224744871391591605e+00 1.622214211307682341e-01 -2.256890580767023924e-01 -1.224744871391592271e+00
1.162476387438192482e+00 -1.224744871391585832e+00 1.135549947915342806e+00 -1.096203996372569600e+00 1.224744871391586498e+00
1.162476387438181602e-01 -1.224744871391585832e+00 1.622214211307682341e-01 -1.096203996372569600e+00 -2.719479911021037838e-15
-1.278724026182013862e+00 -1.224744871391585832e+00 -1.297771369046093914e+00 1.321893054449284177e+00 1.224744871391586498e+00
1.162476387438181602e-01 -1.224744871391585832e+00 1.135549947915342806e+00 -1.096203996372569600e+00 -2.719479911021037838e-15
1.162476387438192482e+00 -1.224744871391585832e+00 1.622214211307682341e-01 -1.096203996372569600e+00 -1.224744871391592271e+00
1.162476387438181602e-01 1.224744871391591605e+00 1.622214211307682341e-01 1.321893054449284177e+00 -1.224744871391592271e+00
1.162476387438192482e+00 1.224744871391591605e+00 1.135549947915342806e+00 1.321893054449284177e+00 -1.224744871391592271e+00
1.162476387438181602e-01 1.224744871391591605e+00 -1.297771369046093914e+00 1.321893054449284177e+00 -2.719479911021037838e-15
1.162476387438181602e-01 1.224744871391591605e+00 -1.297771369046093914e+00 1.321893054449284177e+00 1.224744871391586498e+00
-1.278724026182013862e+00 -1.224744871391585832e+00 1.135549947915342806e+00 -1.096203996372569600e+00 1.224744871391586498e+00
-1.278724026182013862e+00 1.224744871391591605e+00 -1.297771369046093914e+00 1.321893054449284177e+00 1.224744871391586498e+00
1.162476387438181602e-01 -1.224744871391585832e+00 -1.297771369046093914e+00 1.321893054449284177e+00 1.224744871391586498e+00
1.162476387438181602e-01 2.719479911021035866e-15 -1.297771369046093914e+00 -1.096203996372569600e+00 -2.719479911021037838e-15
1.162476387438181602e-01 2.719479911021035866e-15 -1.297771369046093914e+00 -2.256890580767023924e-01 -2.719479911021037838e-15
1.162476387438181602e-01 2.719479911021035866e-15 -1.297771369046093914e+00 1.321893054449284177e+00 -1.224744871391592271e+00
1.162476387438192482e+00 1.224744871391591605e+00 1.622214211307682341e-01 1.321893054449284177e+00 -2.719479911021037838e-15
1.162476387438192482e+00 2.719479911021035866e-15 1.622214211307682341e-01 -1.096203996372569600e+00 1.224744871391586498e+00
-1.278724026182013862e+00 -1.224744871391585832e+00 1.622214211307682341e-01 -1.096203996372569600e+00 -1.224744871391592271e+00
1.162476387438181602e-01 2.719479911021035866e-15 1.622214211307682341e-01 -2.256890580767023924e-01 1.224744871391586498e+00
1.162476387438181602e-01 1.224744871391591605e+00 1.622214211307682341e-01 -2.256890580767023924e-01 -1.224744871391592271e+00
1.162476387438181602e-01 -1.224744871391585832e+00 1.135549947915342806e+00 -1.096203996372569600e+00 1.224744871391586498e+00
-1.278724026182013862e+00 2.719479911021035866e-15 1.135549947915342806e+00 -1.096203996372569600e+00 -1.224744871391592271e+00
1.162476387438192482e+00 2.719479911021035866e-15 -1.297771369046093914e+00 -1.096203996372569600e+00 -2.719479911021037838e-15
1.162476387438192482e+00 1.224744871391591605e+00 1.622214211307682341e-01 -2.256890580767023924e-01 1.224744871391586498e+00
1.162476387438192482e+00 -1.224744871391585832e+00 -1.297771369046093914e+00 1.321893054449284177e+00 -1.224744871391592271e+00
1.162476387438192482e+00 -1.224744871391585832e+00 1.622214211307682341e-01 -2.256890580767023924e-01 1.224744871391586498e+00
1.162476387438181602e-01 1.224744871391591605e+00 1.622214211307682341e-01 -2.256890580767023924e-01 -2.719479911021037838e-15
1.162476387438181602e-01 1.224744871391591605e+00 -1.297771369046093914e+00 -2.256890580767023924e-01 1.224744871391586498e+00
1.162476387438181602e-01 -1.224744871391585832e+00 1.622214211307682341e-01 -2.256890580767023924e-01 -2.719479911021037838e-15
1.162476387438192482e+00 2.719479911021035866e-15 -1.297771369046093914e+00 -2.256890580767023924e-01 1.224744871391586498e+00
1.162476387438181602e-01 -1.224744871391585832e+00 -1.297771369046093914e+00 -1.096203996372569600e+00 -1.224744871391592271e+00
-1.278724026182013862e+00 2.719479911021035866e-15 1.135549947915342806e+00 -2.256890580767023924e-01 -2.719479911021037838e-15
1.162476387438192482e+00 2.719479911021035866e-15 1.622214211307682341e-01 1.321893054449284177e+00 -1.224744871391592271e+00
1.162476387438181602e-01 1.224744871391591605e+00 1.135549947915342806e+00 -2.256890580767023924e-01 -1.224744871391592271e+00
1.162476387438192482e+00 1.224744871391591605e+00 1.135549947915342806e+00 -1.096203996372569600e+00 -1.224744871391592271e+00
1.162476387438192482e+00 1.224744871391591605e+00 1.622214211307682341e-01 1.321893054449284177e+00 1.224744871391586498e+00
1.162476387438192482e+00 -1.224744871391585832e+00 1.135549947915342806e+00 -2.256890580767023924e-01 -2.719479911021037838e-15
1.162476387438181602e-01 2.719479911021035866e-15 -1.297771369046093914e+00 1.321893054449284177e+00 1.224744871391586498e+00
-1.278724026182013862e+00 -1.224744871391585832e+00 -1.297771369046093914e+00 -2.256890580767023924e-01 -2.719479911021037838e-15
-1.278724026182013862e+00 1.224744871391591605e+00 1.135549947915342806e+00 -1.096203996372569600e+00 -2.719479911021037838e-15
-1.278724026182013862e+00 -1.224744871391585832e+00 1.622214211307682341e-01 -2.256890580767023924e-01 -1.224744871391592271e+00
1.162476387438192482e+00 -1.224744871391585832e+00 1.622214211307682341e-01 -1.096203996372569600e+00 1.224744871391586498e+00
1.162476387438181602e-01 1.224744871391591605e+00 1.135549947915342806e+00 -2.256890580767023924e-01 1.224744871391586498e+00
1.162476387438192482e+00 1.224744871391591605e+00 1.135549947915342806e+00 -2.256890580767023924e-01 -2.719479911021037838e-15
1.162476387438181602e-01 1.224744871391591605e+00 -1.297771369046093914e+00 -1.096203996372569600e+00 1.224744871391586498e+00
-1.278724026182013862e+00 2.719479911021035866e-15 1.135549947915342806e+00 -2.256890580767023924e-01 -1.224744871391592271e+00
1.162476387438192482e+00 -1.224744871391585832e+00 -1.297771369046093914e+00 -2.256890580767023924e-01 -1.224744871391592271e+00
1.162476387438181602e-01 1.224744871391591605e+00 -1.297771369046093914e+00 -1.096203996372569600e+00 -1.224744871391592271e+00
1.162476387438181602e-01 -1.224744871391585832e+00 1.622214211307682341e-01 -1.096203996372569600e+00 1.224744871391586498e+00
-1.278724026182013862e+00 2.719479911021035866e-15 1.135549947915342806e+00 -2.256890580767023924e-01 1.224744871391586498e+00
1.162476387438181602e-01 1.224744871391591605e+00 1.135549947915342806e+00 1.321893054449284177e+00 1.224744871391586498e+00
-1.278724026182013862e+00 1.224744871391591605e+00 1.135549947915342806e+00 -2.256890580767023924e-01 -2.719479911021037838e-15
1.162476387438181602e-01 1.224744871391591605e+00 1.135549947915342806e+00 -1.096203996372569600e+00 -1.224744871391592271e+00
1.162476387438181602e-01 1.224744871391591605e+00 1.622214211307682341e-01 -2.256890580767023924e-01 1.224744871391586498e+00
1.162476387438181602e-01 2.719479911021035866e-15 1.135549947915342806e+00 -2.256890580767023924e-01 -2.719479911021037838e-15
1.162476387438181602e-01 2.719479911021035866e-15 -1.297771369046093914e+00 -1.096203996372569600e+00 1.224744871391586498e+00
1.162476387438192482e+00 2.719479911021035866e-15 1.622214211307682341e-01 1.321893054449284177e+00 -2.719479911021037838e-15
1.162476387438181602e-01 -1.224744871391585832e+00 -1.297771369046093914e+00 -1.096203996372569600e+00 -2.719479911021037838e-15
-1.278724026182013862e+00 1.224744871391591605e+00 -1.297771369046093914e+00 -1.096203996372569600e+00 -1.224744871391592271e+00
1.162476387438192482e+00 1.224744871391591605e+00 -1.297771369046093914e+00 1.321893054449284177e+00 1.224744871391586498e+00
-1.278724026182013862e+00 -1.224744871391585832e+00 1.622214211307682341e-01 -2.256890580767023924e-01 -2.719479911021037838e-15
-1.278724026182013862e+00 -1.224744871391585832e+00 1.135549947915342806e+00 -2.256890580767023924e-01 -1.224744871391592271e+00
1.162476387438192482e+00 1.224744871391591605e+00 1.135549947915342806e+00 1.321893054449284177e+00 -2.719479911021037838e-15
-1.278724026182013862e+00 2.719479911021035866e-15 1.622214211307682341e-01 -1.096203996372569600e+00 -1.224744871391592271e+00
1.162476387438181602e-01 1.224744871391591605e+00 1.135549947915342806e+00 1.321893054449284177e+00 -1.224744871391592271e+00
1.162476387438181602e-01 1.224744871391591605e+00 1.135549947915342806e+00 -1.096203996372569600e+00 1.224744871391586498e+00
1.162476387438181602e-01 -1.224744871391585832e+00 1.622214211307682341e-01 1.321893054449284177e+00 -1.224744871391592271e+00
-1.278724026182013862e+00 1.224744871391591605e+00 1.135549947915342806e+00 1.321893054449284177e+00 -2.719479911021037838e-15
-1.278724026182013862e+00 -1.224744871391585832e+00 -1.297771369046093914e+00 -2.256890580767023924e-01 1.224744871391586498e+00
1.162476387438181602e-01 2.719479911021035866e-15 1.622214211307682341e-01 1.321893054449284177e+00 -1.224744871391592271e+00
1.162476387438181602e-01 2.719479911021035866e-15 -1.297771369046093914e+00 -2.256890580767023924e-01 -1.224744871391592271e+00
-1.278724026182013862e+00 2.719479911021035866e-15 1.622214211307682341e-01 -2.256890580767023924e-01 1.224744871391586498e+00
1.162476387438192482e+00 1.224744871391591605e+00 1.622214211307682341e-01 -2.256890580767023924e-01 -1.224744871391592271e+00
-1.278724026182013862e+00 -1.224744871391585832e+00 -1.297771369046093914e+00 -1.096203996372569600e+00 -2.719479911021037838e-15
1.162476387438181602e-01 2.719479911021035866e-15 1.622214211307682341e-01 1.321893054449284177e+00 -2.719479911021037838e-15
1.162476387438192482e+00 1.224744871391591605e+00 1.622214211307682341e-01 -2.256890580767023924e-01 -2.719479911021037838e-15
-1.278724026182013862e+00 2.719479911021035866e-15 -1.297771369046093914e+00 1.321893054449284177e+00 -2.719479911021037838e-15
