   8.1048999e-01   9.7770810e-01   4.4299933e-01   6.0515600e-01   9.5346537e-01
   1.1298761e+00   8.8149309e-01   4.2141673e-01   5.9942335e-01   6.0198021e-01
   9.6790725e-01   9.8043156e-01   4.3820009e-01   6.4655417e-01   6.8712873e-01
   8.3570238e-01   9.5386511e-01   4.6248087e-01   6.7237931e-01   6.7524753e-01
   9.4200708e-01   9.4325322e-01   4.3740535e-01   5.9053153e-01   8.5049505e-01
   5.2106418e-01   7.7625084e-01   3.8677338e-01   5.5325323e-01   2.4752476e-01
   1.0027027e+00   7.3898685e-01   3.8405192e-01   5.3357679e-01   2.2178218e-01
   6.1479874e-02   8.0222392e-01   4.1824439e-01   5.5697113e-01   2.6039605e-01
   5.2544856e-01   9.0580785e-01   4.3122020e-01   6.1222732e-01   5.0099010e-01
   1.3184914e+00   9.3586111e-01   4.0578264e-01   5.9542799e-01   7.4158416e-01
   7.7286479e-01   9.0984988e-01   4.2240399e-01   6.1926401e-01   4.2871289e-01
   6.4908238e-01   9.0791029e-01   4.1058481e-01   5.7054389e-01   7.2574258e-01
   7.3746210e-01   6.9638908e-01   3.7557316e-01   4.9963334e-01   1.9801980e-01
   1.1108929e+00   9.9129945e-01   4.5932165e-01   6.5455407e-01   6.7425742e-01
   6.1450358e-01   7.1167231e-01   3.8336754e-01   5.0761878e-01   1.8712871e-01
   5.7179932e-01   7.6081061e-01   3.8725197e-01   5.1023299e-01   2.7128713e-01
   1.6314568e+00   6.6534919e-01   3.6759982e-01   4.9365252e-01   2.8217821e-01
   7.3502525e-01   7.6230484e-01   3.9950851e-01   5.6675398e-01   3.2574258e-01
   6.2585757e-01   9.4415790e-01   4.3883231e-01   6.2488312e-01   4.2574258e-01
   1.2185438e+00   8.3918577e-01   3.8362387e-01   5.4255426e-01   4.6534653e-01
   4.6316786e-01   8.5493326e-01   4.1402096e-01   5.4739171e-01   5.5148516e-01
   1.2793388e+00   8.6428481e-01   4.0837911e-01   5.7753962e-01   8.6237621e-01
   9.2465160e-01   8.6944592e-01   4.1691497e-01   6.0373533e-01   5.7326732e-01
   8.0944812e-01   8.2897985e-01   3.9485732e-01   5.6161910e-01   5.3366337e-01
   2.0717015e-01   8.0884933e-01   4.0027392e-01   5.4996669e-01   2.9801979e-01
  -2.7062630e-02   7.0822674e-01   3.9200675e-01   5.6022590e-01   2.4257426e-01
   1.1679675e+00   8.6474949e-01   4.0233150e-01   5.5381399e-01   4.8217821e-01
   5.9341528e-01   7.6282424e-01   3.9054880e-01   4.8796248e-01   2.1782179e-01
   8.8606607e-01   8.3864439e-01   4.0446714e-01   5.5657053e-01   6.1386137e-01
   7.0696515e-01   8.0517614e-01   4.0421754e-01   5.6648964e-01   2.8712871e-01
   1.1064772e+00   8.8020557e-01   4.2392051e-01   6.0231704e-01   6.0594058e-01
   8.5334405e-01   6.7248058e-01   3.7268808e-01   4.8254821e-01   2.8415842e-01
   7.7215130e-01   7.3196459e-01   3.8708329e-01   5.7065612e-01   3.1188118e-01
   6.6485908e-01   7.2457296e-01   3.7003484e-01   5.2475071e-01   2.6237624e-01
   6.4378502e-01   7.7279198e-01   3.9754465e-01   5.5687487e-01   1.8514851e-01
   7.9581942e-01   1.0313971e+00   4.7043720e-01   6.6966009e-01   9.2475252e-01
   5.3293635e-01   7.0633852e-01   3.7302530e-01   5.0515813e-01   2.6732674e-01
   7.3992838e-01   7.8637785e-01   3.9231777e-01   5.4165632e-01   4.7920790e-01
   2.9952535e-01   7.2587973e-01   3.8617048e-01   5.2180326e-01   2.3762376e-01
   8.3552878e-01   8.0823576e-01   3.9362967e-01   5.7831955e-01   2.9702971e-01
   7.0434748e-01   8.3220607e-01   4.1938961e-01   6.0131985e-01   4.3168316e-01
   6.5448629e-01   8.2762784e-01   3.8429198e-01   5.3260273e-01   4.4158416e-01
   6.0601570e-01   7.5395042e-01   4.3258661e-01   6.2459350e-01   2.3960395e-01
   9.0634152e-01   8.2133543e-01   4.0090123e-01   5.4591835e-01   5.8712873e-01
   5.5179102e-01   6.4880049e-01   3.7219158e-01   5.1853216e-01   2.1188118e-01
   8.7151658e-01   9.1277623e-01   4.3346310e-01   6.1263382e-01   8.7128716e-01
   1.0742489e+00   8.2296866e-01   3.9849448e-01   5.2883291e-01   3.9702971e-01
   9.6085370e-01   9.9875003e-01   4.5526141e-01   6.6597587e-01   1.0059406e+00
   6.2007485e-01   8.0542868e-01   4.1615459e-01   5.8738703e-01   3.3168316e-01
   6.7489371e-01   8.3171916e-01   4.0202990e-01   5.4442245e-01   5.4851484e-01
   9.1507239e-01   7.7809435e-01   3.9198482e-01   5.6971312e-01   3.3168316e-01
   5.7345373e-01   7.2395718e-01   3.8506049e-01   5.2805269e-01   2.8712871e-01
   8.0404636e-01   9.9182540e-01   4.4208765e-01   6.3358992e-01   9.4752474e-01
   1.0845930e+00   9.2402351e-01   4.2546055e-01   6.2781799e-01   8.3267326e-01
   8.2042273e-01   1.0089412e+00   4.4903803e-01   6.4406121e-01   7.1386137e-01
   3.9569722e-01   6.8240827e-01   3.5957384e-01   5.0745863e-01   2.0099010e-01
   8.6658318e-01   9.5894247e-01   4.3901983e-01   6.1139435e-01   6.6138616e-01
   4.8189112e-01   7.3427773e-01   3.8333151e-01   5.2425849e-01   2.7227724e-01
   8.9800721e-01   9.8646349e-01   4.4039536e-01   6.1827320e-01   8.4158421e-01
   5.3853495e-01   8.0359763e-01   4.1176057e-01   6.1559027e-01   3.4356437e-01
   1.2611615e+00   8.7660903e-01   4.1496921e-01   5.6099641e-01   5.6831684e-01
   7.5256317e-01   7.2093534e-01   4.0187457e-01   4.9395338e-01   2.1782179e-01
   6.0460339e-01   9.2346150e-01   4.2210847e-01   5.9174079e-01   6.3663368e-01
   1.2796782e+00   9.7171420e-01   4.3490005e-01   6.1208904e-01   8.7821779e-01
   5.6537404e-01   9.1317207e-01   4.1992196e-01   5.9637386e-01   5.4455447e-01
   1.0481422e+00   8.9376044e-01   4.2011303e-01   5.8629888e-01   5.6237626e-01
   1.0132586e-01   7.0233577e-01   3.6911777e-01   5.0054151e-01   1.3960396e-01
   1.3157056e+00   6.6374785e-01   3.6135903e-01   4.5368919e-01   2.1584158e-01
   7.2175409e-01   7.2477740e-01   3.9735326e-01   5.5033499e-01   2.8316832e-01
   1.0141757e+00   8.8596672e-01   4.2070201e-01   6.0036892e-01   5.4356437e-01
   6.3067963e-01   7.4200058e-01   3.8257137e-01   5.0817186e-01   1.8217822e-01
   8.4287310e-01   9.7823036e-01   4.4032702e-01   6.2885118e-01   5.1980200e-01
   9.6803652e-01   9.0200251e-01   4.4193712e-01   6.2116557e-01   6.7722774e-01
   8.7979818e-01   9.2954224e-01   4.2952746e-01   6.3017529e-01   4.4356437e-01
   1.1998663e+00   8.6995685e-01   4.1931087e-01   5.9287709e-01   6.4257426e-01
   4.5635127e-01   8.7581414e-01   4.0845883e-01   5.7398707e-01   5.7821784e-01
   1.2276501e+00   8.9427310e-01   4.2548013e-01   5.9072953e-01   6.3366337e-01
   4.2848508e-01   1.1257943e+00   4.9650472e-01   6.9891429e-01   8.1782179e-01
   6.0148751e-01   9.1860926e-01   4.1724125e-01   5.9709644e-01   8.6138611e-01
   9.5369872e-01   7.7356696e-01   4.1555095e-01   5.5841047e-01   3.7524753e-01
   1.1264720e+00   9.9162602e-01   4.4585818e-01   6.4335376e-01   6.1386137e-01
   3.3047339e-01   6.9570857e-01   3.8442102e-01   5.4057318e-01   2.2277229e-01
   1.8600412e-01   7.8458124e-01   3.9853662e-01   5.8721524e-01   3.2277229e-01
   1.2634986e+00   9.7956282e-01   4.4081795e-01   6.2797070e-01   9.2178221e-01
   1.8554115e-01   9.3407327e-01   4.4356546e-01   6.0585588e-01   4.4356437e-01
  -6.7453797e-02   7.5567377e-01   3.9506105e-01   5.4541612e-01   2.3960395e-01
   1.4412440e-01   1.0385207e+00   4.6059445e-01   6.3842803e-01   7.4455447e-01
   1.0729786e+00   8.6249012e-01   3.9187294e-01   5.4658628e-01   4.6831684e-01
   9.4871772e-01   9.5787835e-01   4.5513380e-01   6.5038687e-01   6.7326732e-01
   1.6321052e+00   7.1511072e-01   3.6538842e-01   5.0206870e-01   2.9801979e-01
   7.6340572e-01   8.9872313e-01   4.0927860e-01   5.9571165e-01   9.0000000e-01
   5.9718480e-01   6.6996759e-01   3.4999546e-01   4.5939818e-01   1.5247525e-01
   3.5658882e-01   9.0581483e-01   4.1720018e-01   5.9918839e-01   6.2970295e-01
   9.3407761e-01   7.8978258e-01   4.0518990e-01   5.7586324e-01   2.0297029e-01
   8.9901732e-01   9.2694265e-01   4.3081856e-01   6.1027145e-01   6.3861384e-01
   2.8134952e-01   7.8494006e-01   4.0970996e-01   5.9595990e-01   2.3663366e-01
   1.0285621e+00   8.2183570e-01   3.9828989e-01   5.5900693e-01   5.3564358e-01
   5.9970072e-01   7.1581960e-01   3.9480481e-01   5.5539155e-01   2.9603961e-01
   9.2289187e-01   9.6135181e-01   4.3345171e-01   6.0660672e-01   8.9405937e-01
   6.5204496e-01   9.6354240e-01   4.4193533e-01   6.3291728e-01   7.0099010e-01
   6.1220676e-01   9.6179450e-01   4.4000778e-01   6.0812038e-01   8.0396042e-01
   5.0861696e-01   7.4230337e-01   3.8836199e-01   5.5490917e-01   2.4653466e-01
   9.3427757e-01   8.6272597e-01   4.0651867e-01   5.5205631e-01   5.3861384e-01
   7.3667602e-01   9.3766421e-01   4.1916573e-01   5.9488463e-01   8.6831684e-01
   8.0431467e-01   7.4217719e-01   3.8726911e-01   5.1810205e-01   2.8712871e-01
   3.8928173e-01   9.6557194e-01   4.4731942e-01   6.4834428e-01   5.1485147e-01
   5.6263162e-01   8.2353050e-01   4.0334603e-01   5.5261487e-01   4.7821784e-01
   4.1157380e-01   7.8399640e-01   3.7315688e-01   5.0041020e-01   4.0396042e-01
   5.5690175e-01   8.4834057e-01   4.0237355e-01   5.6292570e-01   6.2673268e-01
   1.3605837e+00   9.4804442e-01   4.1657528e-01   5.7222605e-01   7.9207921e-01
   8.3183488e-01   1.0902886e+00   4.9442849e-01   7.1521789e-01   1.0495049e+00
   7.6944255e-01   1.0795569e+00   4.7564974e-01   6.7393488e-01   1.0584158e+00
   1.0875206e+00   9.3853736e-01   4.2931271e-01   5.9640771e-01   8.7920790e-01
   9.6029509e-01   1.0264912e+00   4.5550436e-01   6.5235001e-01   1.0148515e+00
   1.0591426e+00   9.7688729e-01   4.4956246e-01   6.3075268e-01   8.2772274e-01
   6.9255386e-01   9.2740560e-01   4.2046025e-01   5.8792657e-01   5.8712873e-01
   6.8935077e-01   7.9648274e-01   4.0957460e-01   6.0867381e-01   3.3465347e-01
   6.2598758e-01   9.4388103e-01   4.3770307e-01   6.3389438e-01   6.9009900e-01
   1.0353415e+00   6.9266772e-01   3.8818645e-01   4.8064387e-01   2.4356437e-01
   8.0417339e-01   7.9460073e-01   3.8981342e-01   5.4810864e-01   3.2970297e-01
   8.0533717e-01   8.5604364e-01   3.9934716e-01   5.3428185e-01   6.4158416e-01
   5.9370515e-01   1.0457711e+00   4.9042141e-01   6.9749820e-01   7.8712873e-01
   5.0876257e-01   7.2306418e-01   3.6990681e-01   5.0986993e-01   1.8514851e-01
   6.4642481e-01   9.6465677e-01   4.4624138e-01   6.2511808e-01   8.7524748e-01
   6.8481183e-01   8.9944237e-01   4.2591155e-01   6.1067414e-01   6.4257426e-01
   1.0186783e+00   8.3847874e-01   4.0318912e-01   5.6896150e-01   5.8910890e-01
   5.2519334e-01   9.7975260e-01   4.5121631e-01   6.3257313e-01   8.9702969e-01
   5.3154458e-01   7.9968524e-01   3.9045280e-01   5.1582742e-01   4.8910890e-01
   1.0205655e+00   8.1178087e-01   3.8912529e-01   5.2226090e-01   4.9108911e-01
   8.8431425e-01   7.1994346e-01   3.8710704e-01   5.4356652e-01   2.3069308e-01
   8.7826373e-01   8.8172257e-01   4.0551808e-01   5.6469268e-01   7.3168316e-01
   6.6892584e-01   9.3396461e-01   4.2897725e-01   6.4277107e-01   6.3861384e-01
   5.0855069e-01   8.5317332e-01   4.0234247e-01   5.6968671e-01   5.3762374e-01
   1.1486903e+00   9.0137613e-01   4.3347275e-01   6.1919111e-01   6.8217821e-01
   8.0392631e-01   9.0344173e-01   4.1913977e-01   5.9054923e-01   8.7821779e-01
   1.3187750e+00   9.7752142e-01   4.3179008e-01   6.3416833e-01   9.3069305e-01
   1.4322664e+00   9.5614648e-01   4.3105605e-01   5.9070653e-01   8.5544558e-01
   1.2659798e+00   9.6516389e-01   4.3239766e-01   6.2082922e-01   8.3366337e-01
   8.5012680e-01   9.7845083e-01   4.4373822e-01   6.3082767e-01   8.9603958e-01
   1.3673145e-01   7.1384686e-01   3.8818944e-01   5.5383050e-01   2.4752476e-01
   1.2854156e+00   9.9490786e-01   4.4813448e-01   6.1851561e-01   8.5346537e-01
   8.0983592e-01   6.8695408e-01   3.8156152e-01   5.0668883e-01   2.5841584e-01
   6.3344319e-01   7.6097482e-01   4.0024966e-01   5.3991026e-01   3.5940595e-01
   8.7764021e-01   8.8405418e-01   4.3242925e-01   6.1398768e-01   5.6930695e-01
   7.0640971e-01   7.4492288e-01   3.9101315e-01   5.4203337e-01   2.3267326e-01
   1.0127892e+00   8.1181288e-01   4.0159070e-01   5.6515634e-01   5.0396042e-01
   5.5535994e-01   9.7567767e-01   4.4526878e-01   6.5718687e-01   6.3861384e-01
   9.3547637e-01   1.0875586e+00   4.6968153e-01   6.7877614e-01   1.0009901e+00
   2.7417962e-01   6.3329560e-01   3.7024558e-01   5.1167345e-01   2.0990100e-01
   8.3454670e-01   1.0449337e+00   4.6296126e-01   6.6736543e-01   9.5742579e-01
   1.0454154e+00   1.0591407e+00   4.7831845e-01   6.8312967e-01   9.7722769e-01
   9.0919863e-01   1.0648985e+00   4.6072507e-01   6.5542829e-01   8.6039600e-01
   1.0873880e+00   1.0116266e+00   4.6069959e-01   6.4703417e-01   8.6237621e-01
   6.9156988e-01   9.1773671e-01   4.3213409e-01   6.1801565e-01   6.3960395e-01
   1.0769339e+00   7.1359521e-01   3.9278311e-01   5.8390945e-01   3.1287129e-01
   1.3598623e+00   1.0220121e+00   4.4774309e-01   6.3045603e-01   1.0217822e+00
   8.5592642e-01   8.7242991e-01   4.1322115e-01   5.5565459e-01   7.7128711e-01
   1.1157409e+00   9.3771785e-01   4.2298943e-01   5.6349093e-01   4.7326732e-01
   6.9412845e-01   7.6382118e-01   3.9353693e-01   5.2953547e-01   2.6930692e-01
   5.2749538e-01   7.4292618e-01   3.9079121e-01   5.3803843e-01   2.9603961e-01
   9.6801734e-01   8.2285178e-01   4.2340100e-01   6.0263717e-01   3.9801979e-01
   4.2417548e-01   1.0979071e+00   4.7929037e-01   6.7944539e-01   7.4455447e-01
   9.2605222e-01   1.0392196e+00   4.5263243e-01   6.2225640e-01   8.8316832e-01
   5.4658288e-01   9.9974805e-01   4.6358356e-01   6.5028602e-01   7.1584158e-01
   6.0719531e-01   9.1917139e-01   4.2064780e-01   5.8818418e-01   7.6831684e-01
   1.0827483e+00   1.0228792e+00   4.5476970e-01   6.3447988e-01   8.7425747e-01
   6.9605238e-01   9.8156625e-01   4.2891344e-01   6.0572594e-01   8.3663368e-01
   6.6541489e-01   8.0949003e-01   4.0743873e-01   5.9178835e-01   3.0396039e-01
   1.5391306e+00   9.9054033e-01   4.4200119e-01   5.9395033e-01   6.6831684e-01
   9.2247883e-01   9.5449543e-01   4.2078957e-01   6.0308182e-01   8.8118811e-01
   1.4037605e+00   8.0552334e-01   3.8674808e-01   5.4199725e-01   5.7425742e-01
   7.9938192e-01   1.0010115e+00   4.5139292e-01   6.5024298e-01   9.4653463e-01
   6.3209608e-01   6.6556126e-01   3.8409203e-01   5.5924767e-01   2.1089108e-01
   9.5084822e-01   9.7221506e-01   4.4702008e-01   6.4918673e-01   9.6138611e-01
   6.0823709e-01   9.4925880e-01   4.3552443e-01   6.2752885e-01   9.6732674e-01
   1.2922521e+00   9.9354458e-01   4.5471662e-01   6.3441896e-01   7.1386137e-01
   8.3659943e-01   9.6547496e-01   4.4003081e-01   6.3960814e-01   1.0178218e+00
   7.4143838e-01   9.7909158e-01   4.3660450e-01   6.0744530e-01   9.1683168e-01
   9.6579939e-01   9.9225062e-01   4.6229208e-01   6.4606827e-01   7.3861384e-01
   7.6691518e-01   8.7276137e-01   4.1396368e-01   5.9165651e-01   6.1980200e-01
   8.5300533e-01   8.5782880e-01   4.2030945e-01   5.8088100e-01   6.2277226e-01
   9.3749417e-01   9.3500870e-01   4.2774549e-01   5.9695113e-01   5.3267326e-01
   8.1667732e-01   9.1970766e-01   4.3027005e-01   5.8810771e-01   7.8613863e-01
   1.1066228e+00   1.0274059e+00   4.5650005e-01   6.7368275e-01   9.8118811e-01
   1.1675462e+00   8.6632723e-01   4.1297960e-01   5.5838001e-01   5.0990100e-01
   5.5419398e-01   7.8112596e-01   4.0113792e-01   5.5230552e-01   3.9504950e-01
   7.0898794e-01   7.0811141e-01   3.7468061e-01   5.2675086e-01   1.5247525e-01
   7.9779886e-01   7.3376667e-01   4.1133505e-01   6.3041532e-01   2.3069308e-01
   1.5476121e-01   8.8062280e-01   4.0849289e-01   5.5508131e-01   5.0891089e-01
   1.0034217e+00   9.6192414e-01   4.2213860e-01   6.1312819e-01   7.9108911e-01
   7.6723732e-01   1.0275986e+00   4.6768281e-01   6.5355635e-01   1.0346535e+00
   7.5548547e-01   1.0346779e+00   4.6627775e-01   6.6722548e-01   9.2871284e-01
   1.1672299e+00   9.3089092e-01   4.2917261e-01   5.8567542e-01   6.4554458e-01
   1.2906457e+00   7.5558275e-01   3.8210624e-01   5.2005863e-01   1.9306930e-01
   8.9659998e-01   9.0793347e-01   4.2199165e-01   5.8622456e-01   9.1386137e-01
   1.3743870e+00   9.5450020e-01   4.4462043e-01   6.3271648e-01   6.6336632e-01
   1.1302515e+00   8.5008073e-01   4.1225722e-01   5.6574082e-01   3.9108911e-01
   7.3619760e-01   8.9020127e-01   4.1851833e-01   5.8597255e-01   5.6732674e-01
   1.3093834e+00   7.2566944e-01   3.8339496e-01   5.6013542e-01   3.0297029e-01
   8.8471435e-01   9.9011141e-01   4.6691066e-01   6.4327574e-01   5.2871289e-01
