4.847272644042968750e+02 8.104899898171424866e-03 2.373999977111816406e+01 2.840199890136718750e+02 9.777081012725830078e-01 4.429993331432342529e-01 6.051560044288635254e-01 9.534653663635253906e+00
3.265050354003906250e+02 1.129876077175140381e-02 1.572999954223632812e+01 1.962100067138671875e+02 8.814930915832519531e-01 4.214167296886444092e-01 5.994233489036560059e-01 6.019802093505859375e+00
3.366969604492187500e+02 9.679072536528110504e-03 1.117000007629394531e+01 2.050700073242187500e+02 9.804315567016601562e-01 4.382000863552093506e-01 6.465541720390319824e-01 6.871287345886230469e+00
3.536363525390625000e+02 8.357023820281028748e-03 1.203999996185302734e+01 2.147500000000000000e+02 9.538651108741760254e-01 4.624808728694915771e-01 6.723793148994445801e-01 6.752475261688232422e+00
4.675050354003906250e+02 9.420070797204971313e-03 2.002000045776367188e+01 2.818900146484375000e+02 9.432532191276550293e-01 4.374053478240966797e-01 5.905315279960632324e-01 8.504950523376464844e+00
1.560505065917968750e+02 5.210641771554946899e-03 6.639999866485595703e+00 9.683999633789062500e+01 7.762508392333984375e-01 3.867733776569366455e-01 5.532532334327697754e-01 2.475247621536254883e+00
1.515959625244140625e+02 1.002702675759792328e-02 7.840000152587890625e+00 9.201999664306640625e+01 7.389868497848510742e-01 3.840519189834594727e-01 5.335767865180969238e-01 2.217821836471557617e+00
1.477373809814453125e+02 6.147987442091107368e-04 6.340000152587890625e+00 8.294999694824218750e+01 8.022239208221435547e-01 4.182443916797637939e-01 5.569711327552795410e-01 2.603960514068603516e+00
2.819090881347656250e+02 5.254485644400119781e-03 1.318000030517578125e+01 1.561100006103515625e+02 9.058078527450561523e-01 4.312202036380767822e-01 6.122273206710815430e-01 5.009901046752929688e+00
4.567878723144531250e+02 1.318491436541080475e-02 2.236000061035156250e+01 2.798900146484375000e+02 9.358611106872558594e-01 4.057826399803161621e-01 5.954279899597167969e-01 7.415841579437255859e+00
2.659797973632812500e+02 7.728647906333208084e-03 1.285000038146972656e+01 1.501399993896484375e+02 9.098498821258544922e-01 4.224039912223815918e-01 6.192640066146850586e-01 4.287128925323486328e+00
5.037474670410156250e+02 6.490823812782764435e-03 2.354000091552734375e+01 2.725400085449218750e+02 9.079102873802185059e-01 4.105848073959350586e-01 5.705438852310180664e-01 7.257425785064697266e+00
1.169494934082031250e+02 7.374620996415615082e-03 5.630000114440917969e+00 6.590000152587890625e+01 6.963890790939331055e-01 3.755731582641601562e-01 4.996333420276641846e-01 1.980198025703430176e+00
3.789696960449218750e+02 1.110892929136753082e-02 1.256999969482421875e+01 2.143899993896484375e+02 9.912994503974914551e-01 4.593216478824615479e-01 6.545540690422058105e-01 6.742574214935302734e+00
1.194747467041015625e+02 6.145035848021507263e-03 4.929999828338623047e+00 6.902999877929687500e+01 7.116723060607910156e-01 3.833675384521484375e-01 5.076187849044799805e-01 1.871287107467651367e+00
1.530505065917968750e+02 5.717993248254060745e-03 7.190000057220458984e+00 9.080000305175781250e+01 7.608106136322021484e-01 3.872519731521606445e-01 5.102329850196838379e-01 2.712871313095092773e+00
1.326868743896484375e+02 1.631456799805164337e-02 6.639999866485595703e+00 7.952999877929687500e+01 6.653491854667663574e-01 3.675998151302337646e-01 4.936525225639343262e-01 2.821782112121582031e+00
1.624343414306640625e+02 7.350252475589513779e-03 7.679999828338623047e+00 9.523000335693359375e+01 7.623048424720764160e-01 3.995085060596466064e-01 5.667539834976196289e-01 3.257425785064697266e+00
2.520707092285156250e+02 6.258575711399316788e-03 8.520000457763671875e+00 1.468099975585937500e+02 9.441578984260559082e-01 4.388323128223419189e-01 6.248831152915954590e-01 4.257425785064697266e+00
2.991717224121093750e+02 1.218543760478496552e-02 1.518999958038330078e+01 1.855899963378906250e+02 8.391857743263244629e-01 3.836238682270050049e-01 5.425542593002319336e-01 4.653465270996093750e+00
3.578181762695312500e+02 4.631678573787212372e-03 1.148999977111816406e+01 2.012799987792968750e+02 8.549332618713378906e-01 4.140209555625915527e-01 5.473917126655578613e-01 5.514851570129394531e+00
4.431111145019531250e+02 1.279338821768760681e-02 2.147999954223632812e+01 2.566799926757812500e+02 8.642848134040832520e-01 4.083791077136993408e-01 5.775396227836608887e-01 8.623762130737304688e+00
3.251616210937500000e+02 9.246516041457653046e-03 1.114000034332275391e+01 1.985700073242187500e+02 8.694459199905395508e-01 4.169149696826934814e-01 6.037353277206420898e-01 5.732673168182373047e+00
2.901313171386718750e+02 8.094481192529201508e-03 1.397999954223632812e+01 1.733000030517578125e+02 8.289798498153686523e-01 3.948573172092437744e-01 5.616191029548645020e-01 5.336633682250976562e+00
1.663838348388671875e+02 2.071701455861330032e-03 5.940000057220458984e+00 1.039400024414062500e+02 8.088493347167968750e-01 4.002739191055297852e-01 5.499666929244995117e-01 2.980197906494140625e+00
1.731111145019531250e+02 -2.706263039726763964e-04 5.309999942779541016e+00 9.904000091552734375e+01 7.082267403602600098e-01 3.920067548751831055e-01 5.602259039878845215e-01 2.425742626190185547e+00
3.204141540527343750e+02 1.167967543005943298e-02 1.481999969482421875e+01 1.963899993896484375e+02 8.647494912147521973e-01 4.023315012454986572e-01 5.538139939308166504e-01 4.821782112121582031e+00
1.665353546142578125e+02 5.934152752161026001e-03 7.079999923706054688e+00 9.213999938964843750e+01 7.628242373466491699e-01 3.905487954616546631e-01 4.879624843597412109e-01 2.178217887878417969e+00
3.070909118652343750e+02 8.860660716891288757e-03 1.510999965667724609e+01 1.842700042724609375e+02 8.386443853378295898e-01 4.044671356678009033e-01 5.565705299377441406e-01 6.138613700866699219e+00
1.723333282470703125e+02 7.069651503115892410e-03 5.809999942779541016e+00 1.089599990844726562e+02 8.051761388778686523e-01 4.042175412178039551e-01 5.664896368980407715e-01 2.871287107467651367e+00
3.302222290039062500e+02 1.106477156281471252e-02 1.331999969482421875e+01 1.938200073242187500e+02 8.802055716514587402e-01 4.239205121994018555e-01 6.023170351982116699e-01 6.059405803680419922e+00
1.484343414306640625e+02 8.533440530300140381e-03 6.460000038146972656e+00 8.987999725341796875e+01 6.724805831909179688e-01 3.726880848407745361e-01 4.825482070446014404e-01 2.841584205627441406e+00
1.607373809814453125e+02 7.721513044089078903e-03 6.769999980926513672e+00 9.836000061035156250e+01 7.319645881652832031e-01 3.870832920074462891e-01 5.706561207771301270e-01 3.118811845779418945e+00
1.497373809814453125e+02 6.648590788245201111e-03 6.590000152587890625e+00 9.312000274658203125e+01 7.245729565620422363e-01 3.700348436832427979e-01 5.247507095336914062e-01 2.623762369155883789e+00
1.617474822998046875e+02 6.437850184738636017e-03 6.940000057220458984e+00 9.037999725341796875e+01 7.727919816970825195e-01 3.975446522235870361e-01 5.568748712539672852e-01 1.851485133171081543e+00
5.251414184570312500e+02 7.958194240927696228e-03 1.796999931335449219e+01 3.120199890136718750e+02 1.031397104263305664e+00 4.704371988773345947e-01 6.696600914001464844e-01 9.247525215148925781e+00
1.494646453857421875e+02 5.329363513737916946e-03 6.809999942779541016e+00 9.243000030517578125e+01 7.063385248184204102e-01 3.730252981185913086e-01 5.051581263542175293e-01 2.673267364501953125e+00
3.283636474609375000e+02 7.399283815175294876e-03 1.542000007629394531e+01 1.791499938964843750e+02 7.863778471946716309e-01 3.923177719116210938e-01 5.416563153266906738e-01 4.792078971862792969e+00
1.776060638427734375e+02 2.995253540575504303e-03 6.099999904632568359e+00 9.916999816894531250e+01 7.258797287940979004e-01 3.861704766750335693e-01 5.218032598495483398e-01 2.376237630844116211e+00
1.652424316406250000e+02 8.355287835001945496e-03 6.989999771118164062e+00 9.851000213623046875e+01 8.082357645034790039e-01 3.936296701431274414e-01 5.783195495605468750e-01 2.970297098159790039e+00
2.381111145019531250e+02 7.043474819511175156e-03 9.489999771118164062e+00 1.385399932861328125e+02 8.322060704231262207e-01 4.193896055221557617e-01 6.013198494911193848e-01 4.316831588745117188e+00
3.214444580078125000e+02 6.544862873852252960e-03 1.589999961853027344e+01 1.751499938964843750e+02 8.276278376579284668e-01 3.842919766902923584e-01 5.326027274131774902e-01 4.415841579437255859e+00
1.550707092285156250e+02 6.060156971216201782e-03 5.550000190734863281e+00 8.901000213623046875e+01 7.539504170417785645e-01 4.325866103172302246e-01 6.245934963226318359e-01 2.396039485931396484e+00
3.003333435058593750e+02 9.063415229320526123e-03 1.239000034332275391e+01 1.789700012207031250e+02 8.213354349136352539e-01 4.009012281894683838e-01 5.459183454513549805e-01 5.871287345886230469e+00
1.637777709960937500e+02 5.517910234630107880e-03 6.579999923706054688e+00 8.930999755859375000e+01 6.488004922866821289e-01 3.721915781497955322e-01 5.185321569442749023e-01 2.118811845779418945e+00
4.870404052734375000e+02 8.715165778994560242e-03 2.335000038146972656e+01 2.786199951171875000e+02 9.127762317657470703e-01 4.334630966186523438e-01 6.126338243484497070e-01 8.712871551513671875e+00
2.914747619628906250e+02 1.074248924851417542e-02 1.401000022888183594e+01 1.615099945068359375e+02 8.229686617851257324e-01 3.984944820404052734e-01 5.288329124450683594e-01 3.970297098159790039e+00
5.057474670410156250e+02 9.608536958694458008e-03 2.143000030517578125e+01 2.957500000000000000e+02 9.987500309944152832e-01 4.552614092826843262e-01 6.659758687019348145e-01 1.005940628051757812e+01
1.668989868164062500e+02 6.200748495757579803e-03 5.590000152587890625e+00 1.029899978637695312e+02 8.054286837577819824e-01 4.161545932292938232e-01 5.873870253562927246e-01 3.316831588745117188e+00
3.089696960449218750e+02 6.748937070369720459e-03 1.625000000000000000e+01 1.874700012207031250e+02 8.317191600799560547e-01 4.020299017429351807e-01 5.444224476814270020e-01 5.485148429870605469e+00
1.468989868164062500e+02 9.150723926723003387e-03 4.969999790191650391e+00 9.144000244140625000e+01 7.780943512916564941e-01 3.919848203659057617e-01 5.697131156921386719e-01 3.316831588745117188e+00
1.502929229736328125e+02 5.734537262469530106e-03 6.130000114440917969e+00 8.940000152587890625e+01 7.239571809768676758e-01 3.850604891777038574e-01 5.280526876449584961e-01 2.871287107467651367e+00
4.989393920898437500e+02 8.040463551878929138e-03 2.088999938964843750e+01 2.938599853515625000e+02 9.918254017829895020e-01 4.420876502990722656e-01 6.335899233818054199e-01 9.475247383117675781e+00
4.036666564941406250e+02 1.084593031555414200e-02 1.912999916076660156e+01 2.438300018310546875e+02 9.240235090255737305e-01 4.254605472087860107e-01 6.278179883956909180e-01 8.326732635498046875e+00
3.542020263671875000e+02 8.204227313399314880e-03 1.172000026702880859e+01 2.163999938964843750e+02 1.008941173553466797e+00 4.490380287170410156e-01 6.440612077713012695e-01 7.138613700866699219e+00
1.412323303222656250e+02 3.956972155719995499e-03 7.269999980926513672e+00 8.772000122070312500e+01 6.824082732200622559e-01 3.595738410949707031e-01 5.074586272239685059e-01 2.009901046752929688e+00
3.455757446289062500e+02 8.665831759572029114e-03 1.168999958038330078e+01 2.102899932861328125e+02 9.589424729347229004e-01 4.390198290348052979e-01 6.113943457603454590e-01 6.613861560821533203e+00
1.388080749511718750e+02 4.818911198526620865e-03 5.579999923706054688e+00 8.408999633789062500e+01 7.342777252197265625e-01 3.833315074443817139e-01 5.242584943771362305e-01 2.722772359848022461e+00
4.148383789062500000e+02 8.980072103440761566e-03 1.804000091552734375e+01 2.561000061035156250e+02 9.864634871482849121e-01 4.403953552246093750e-01 6.182731986045837402e-01 8.415842056274414062e+00
1.701717224121093750e+02 5.385349504649639130e-03 7.280000209808349609e+00 1.043899993896484375e+02 8.035976290702819824e-01 4.117605686187744141e-01 6.155902743339538574e-01 3.435643672943115234e+00
2.752626342773437500e+02 1.261161454021930695e-02 1.147999954223632812e+01 1.700899963378906250e+02 8.766090273857116699e-01 4.149692058563232422e-01 5.609964132308959961e-01 5.683168411254882812e+00
1.580303039550781250e+02 7.525631692260503769e-03 7.070000171661376953e+00 8.808999633789062500e+01 7.209353446960449219e-01 4.018745720386505127e-01 4.939533770084381104e-01 2.178217887878417969e+00
3.536565551757812500e+02 6.046033930033445358e-03 1.713999938964843750e+01 1.984100036621093750e+02 9.234614968299865723e-01 4.221084713935852051e-01 5.917407870292663574e-01 6.366336822509765625e+00
4.816363525390625000e+02 1.279678195714950562e-02 2.506999969482421875e+01 2.847000122070312500e+02 9.717141985893249512e-01 4.349000453948974609e-01 6.120890378952026367e-01 8.782177925109863281e+00
3.272727355957031250e+02 5.653740372508764267e-03 1.397999954223632812e+01 2.007299957275390625e+02 9.131720662117004395e-01 4.199219644069671631e-01 5.963738560676574707e-01 5.445544719696044922e+00
3.248080749511718750e+02 1.048142183572053909e-02 1.140999984741210938e+01 2.080399932861328125e+02 8.937604427337646484e-01 4.201130270957946777e-01 5.862988829612731934e-01 5.623762607574462891e+00
1.544747467041015625e+02 1.013258588500320911e-03 7.610000133514404297e+00 8.341000366210937500e+01 7.023357748985290527e-01 3.691177666187286377e-01 5.005415081977844238e-01 1.396039605140686035e+00
1.418484802246093750e+02 1.315705571323633194e-02 7.119999885559082031e+00 8.776000213623046875e+01 6.637478470802307129e-01 3.613590300083160400e-01 4.536891877651214600e-01 2.158415794372558594e+00
1.462323303222656250e+02 7.217540871351957321e-03 5.099999904632568359e+00 9.233999633789062500e+01 7.247774004936218262e-01 3.973532617092132568e-01 5.503349900245666504e-01 2.831683158874511719e+00
3.331212158203125000e+02 1.014175731688737869e-02 1.446000003814697266e+01 2.081100006103515625e+02 8.859667181968688965e-01 4.207020103931427002e-01 6.003689169883728027e-01 5.435643672943115234e+00
1.522424316406250000e+02 6.306796334683895111e-03 7.530000209808349609e+00 9.401999664306640625e+01 7.420005798339843750e-01 3.825713694095611572e-01 5.081718564033508301e-01 1.821782231330871582e+00
2.913030395507812500e+02 8.428731001913547516e-03 1.201000022888183594e+01 1.629700012207031250e+02 9.782303571701049805e-01 4.403270184993743896e-01 6.288511753082275391e-01 5.198019981384277344e+00
3.191717224121093750e+02 9.680365212261676788e-03 1.321000003814697266e+01 1.914799957275390625e+02 9.020025134086608887e-01 4.419371187686920166e-01 6.211655735969543457e-01 6.772277355194091797e+00
3.281111145019531250e+02 8.797981776297092438e-03 1.323999977111816406e+01 1.795700073242187500e+02 9.295422434806823730e-01 4.295274615287780762e-01 6.301752924919128418e-01 4.435643672943115234e+00
3.061414184570312500e+02 1.199866272509098053e-02 1.490999984741210938e+01 1.854499969482421875e+02 8.699568510055541992e-01 4.193108677864074707e-01 5.928770899772644043e-01 6.425742626190185547e+00
3.174040527343750000e+02 4.563512746244668961e-03 1.601000022888183594e+01 1.902200012207031250e+02 8.758141398429870605e-01 4.084588289260864258e-01 5.739870667457580566e-01 5.782178401947021484e+00
3.192727355957031250e+02 1.227650139480829239e-02 1.232999992370605469e+01 1.936199951171875000e+02 8.942731022834777832e-01 4.254801273345947266e-01 5.907295346260070801e-01 6.336633682250976562e+00
4.592222290039062500e+02 4.284850787371397018e-03 1.461999988555908203e+01 2.595899963378906250e+02 1.125794291496276855e+00 4.965047240257263184e-01 6.989142894744873047e-01 8.178217887878417969e+00
4.469292907714843750e+02 6.014875136315822601e-03 2.196999931335449219e+01 2.628900146484375000e+02 9.186092615127563477e-01 4.172412455081939697e-01 5.970964431762695312e-01 8.613861083984375000e+00
1.775959625244140625e+02 9.536987170577049255e-03 5.800000190734863281e+00 1.104300003051757812e+02 7.735669612884521484e-01 4.155509471893310547e-01 5.584104657173156738e-01 3.752475261688232422e+00
4.825555419921875000e+02 1.126472000032663345e-02 2.295999908447265625e+01 2.627000122070312500e+02 9.916260242462158203e-01 4.458581805229187012e-01 6.433537602424621582e-01 6.138613700866699219e+00
1.668282775878906250e+02 3.304733894765377045e-03 5.239999771118164062e+00 9.541999816894531250e+01 6.957085728645324707e-01 3.844210207462310791e-01 5.405731797218322754e-01 2.227722883224487305e+00
1.570000000000000000e+02 1.860041171312332153e-03 6.699999809265136719e+00 9.909999847412109375e+01 7.845812439918518066e-01 3.985366225242614746e-01 5.872152447700500488e-01 3.227722883224487305e+00
4.405959472656250000e+02 1.263498608022928238e-02 1.500000000000000000e+01 2.662600097656250000e+02 9.795628190040588379e-01 4.408179521560668945e-01 6.279706954956054688e-01 9.217822074890136719e+00
2.732222290039062500e+02 1.855411450378596783e-03 1.114000034332275391e+01 1.571300048828125000e+02 9.340732693672180176e-01 4.435654580593109131e-01 6.058558821678161621e-01 4.435643672943115234e+00
1.273737411499023438e+02 -6.745379650965332985e-04 4.289999961853027344e+00 7.487000274658203125e+01 7.556737661361694336e-01 3.950610458850860596e-01 5.454161167144775391e-01 2.396039485931396484e+00
4.195555419921875000e+02 1.441244035959243774e-03 2.018000030517578125e+01 2.362400054931640625e+02 1.038520693778991699e+00 4.605944454669952393e-01 6.384280323982238770e-01 7.445544719696044922e+00
3.092828369140625000e+02 1.072978600859642029e-02 1.522999954223632812e+01 1.916499938964843750e+02 8.624901175498962402e-01 3.918729424476623535e-01 5.465862751007080078e-01 4.683168411254882812e+00
3.356464538574218750e+02 9.487177245318889618e-03 1.134000015258789062e+01 2.056499938964843750e+02 9.578783512115478516e-01 4.551337957382202148e-01 6.503868699073791504e-01 6.732673168182373047e+00
1.319494934082031250e+02 1.632105186581611633e-02 6.420000076293945312e+00 8.208000183105468750e+01 7.151107192039489746e-01 3.653884232044219971e-01 5.020686984062194824e-01 2.980197906494140625e+00
4.121414184570312500e+02 7.634057197719812393e-03 1.919000053405761719e+01 2.444299926757812500e+02 8.987231254577636719e-01 4.092786014080047607e-01 5.957116484642028809e-01 9.000000000000000000e+00
1.447272796630859375e+02 5.971848033368587494e-03 6.960000038146972656e+00 8.175000000000000000e+01 6.699675917625427246e-01 3.499954640865325928e-01 4.593981802463531494e-01 1.524752497673034668e+00
3.244848632812500000e+02 3.565888153389096260e-03 1.297000026702880859e+01 1.938000030517578125e+02 9.058148264884948730e-01 4.172001779079437256e-01 5.991883873939514160e-01 6.297029495239257812e+00
1.376767730712890625e+02 9.340776130557060242e-03 5.980000019073486328e+00 7.848999786376953125e+01 7.897825837135314941e-01 4.051899015903472900e-01 5.758632421493530273e-01 2.029702901840209961e+00
2.919393920898437500e+02 8.990173228085041046e-03 9.909999847412109375e+00 1.797700042724609375e+02 9.269426465034484863e-01 4.308185577392578125e-01 6.102714538574218750e-01 6.386138439178466797e+00
1.373939361572265625e+02 2.813495229929685593e-03 6.369999885559082031e+00 7.876000213623046875e+01 7.849400639533996582e-01 4.097099602222442627e-01 5.959599018096923828e-01 2.366336584091186523e+00
2.783232421875000000e+02 1.028562057763338089e-02 1.110999965667724609e+01 1.686799926757812500e+02 8.218356966972351074e-01 3.982898890972137451e-01 5.590069293975830078e-01 5.356435775756835938e+00
1.596161651611328125e+02 5.997007247060537338e-03 5.349999904632568359e+00 9.830999755859375000e+01 7.158195972442626953e-01 3.948048055171966553e-01 5.553915500640869141e-01 2.960396051406860352e+00
4.621919250488281250e+02 9.228918701410293579e-03 1.859000015258789062e+01 2.729800109863281250e+02 9.613518118858337402e-01 4.334517121315002441e-01 6.066067218780517578e-01 8.940593719482421875e+00
3.638888854980468750e+02 6.520449649542570114e-03 1.488000011444091797e+01 2.037100067138671875e+02 9.635424017906188965e-01 4.419353306293487549e-01 6.329172849655151367e-01 7.009901046752929688e+00
5.401918945312500000e+02 6.122067570686340332e-03 1.845999908447265625e+01 2.997699890136718750e+02 9.617944955825805664e-01 4.400077760219573975e-01 6.081203818321228027e-01 8.039604187011718750e+00
1.621919250488281250e+02 5.086169578135013580e-03 6.380000114440917969e+00 9.918000030517578125e+01 7.423033714294433594e-01 3.883619904518127441e-01 5.549091696739196777e-01 2.465346574783325195e+00
3.084343566894531250e+02 9.342775680124759674e-03 1.302999973297119141e+01 1.872599945068359375e+02 8.627259731292724609e-01 4.065186679363250732e-01 5.520563125610351562e-01 5.386138439178466797e+00
4.695555419921875000e+02 7.366760168224573135e-03 2.247999954223632812e+01 2.736900024414062500e+02 9.376642107963562012e-01 4.191657304763793945e-01 5.948846340179443359e-01 8.683168411254882812e+00
1.593131256103515625e+02 8.043146692216396332e-03 6.789999961853027344e+00 9.476000213623046875e+01 7.421771883964538574e-01 3.872691094875335693e-01 5.181020498275756836e-01 2.871287107467651367e+00
2.906464538574218750e+02 3.892817301675677299e-03 8.859999656677246094e+00 1.665200042724609375e+02 9.655719399452209473e-01 4.473194181919097900e-01 6.483442783355712891e-01 5.148514747619628906e+00
3.335050354003906250e+02 5.626316182315349579e-03 1.380000019073486328e+01 1.866399993896484375e+02 8.235304951667785645e-01 4.033460319042205811e-01 5.526148676872253418e-01 4.782178401947021484e+00
3.052121276855468750e+02 4.115737974643707275e-03 1.534000015258789062e+01 1.692700042724609375e+02 7.839964032173156738e-01 3.731568753719329834e-01 5.004101991653442383e-01 4.039604187011718750e+00
3.003535461425781250e+02 5.569017492234706879e-03 1.293000030517578125e+01 1.829299926757812500e+02 8.483405709266662598e-01 4.023735523223876953e-01 5.629256963729858398e-01 6.267326831817626953e+00
4.724747619628906250e+02 1.360583677887916565e-02 2.345000076293945312e+01 2.942999877929687500e+02 9.480444192886352539e-01 4.165752828121185303e-01 5.722260475158691406e-01 7.920792102813720703e+00
5.287373657226562500e+02 8.318348787724971771e-03 1.700000000000000000e+01 3.182399902343750000e+02 1.090288639068603516e+00 4.944284856319427490e-01 7.152178883552551270e-01 1.049504947662353516e+01
5.335050659179687500e+02 7.694425527006387711e-03 1.787999916076660156e+01 3.215400085449218750e+02 1.079556941986083984e+00 4.756497442722320557e-01 6.739348769187927246e-01 1.058415794372558594e+01
4.178080749511718750e+02 1.087520550936460495e-02 1.726000022888183594e+01 2.533999938964843750e+02 9.385373592376708984e-01 4.293127059936523438e-01 5.964077115058898926e-01 8.792078971862792969e+00
4.849595947265625000e+02 9.602950885891914368e-03 2.443000030517578125e+01 2.886700134277343750e+02 1.026491165161132812e+00 4.555043578147888184e-01 6.523500084877014160e-01 1.014851474761962891e+01
5.027878723144531250e+02 1.059142593294382095e-02 2.043000030517578125e+01 3.110199890136718750e+02 9.768872857093811035e-01 4.495624601840972900e-01 6.307526826858520508e-01 8.277227401733398438e+00
3.612020263671875000e+02 6.925538647919893265e-03 1.185000038146972656e+01 2.019600067138671875e+02 9.274055957794189453e-01 4.204602539539337158e-01 5.879265666007995605e-01 5.871287345886230469e+00
1.688888854980468750e+02 6.893507670611143112e-03 5.769999980926513672e+00 1.026800003051757812e+02 7.964827418327331543e-01 4.095745980739593506e-01 6.086738109588623047e-01 3.346534729003906250e+00
3.375454406738281250e+02 6.259875837713479996e-03 1.314999961853027344e+01 2.028500061035156250e+02 9.438810348510742188e-01 4.377030730247497559e-01 6.338943839073181152e-01 6.900990009307861328e+00
1.608181762695312500e+02 1.035341527312994003e-02 6.610000133514404297e+00 1.017300033569335938e+02 6.926677227020263672e-01 3.881864547729492188e-01 4.806438684463500977e-01 2.435643672943115234e+00
1.616666717529296875e+02 8.041733875870704651e-03 7.940000057220458984e+00 9.512999725341796875e+01 7.946007251739501953e-01 3.898134231567382812e-01 5.481086373329162598e-01 3.297029733657836914e+00
4.742929382324218750e+02 8.053371682763099670e-03 2.247999954223632812e+01 2.576199951171875000e+02 8.560436367988586426e-01 3.993471562862396240e-01 5.342818498611450195e-01 6.415841579437255859e+00
4.365252380371093750e+02 5.937051493674516678e-03 1.400000000000000000e+01 2.437500000000000000e+02 1.045771121978759766e+00 4.904214143753051758e-01 6.974982023239135742e-01 7.871287345886230469e+00
1.477474822998046875e+02 5.087625700980424881e-03 7.070000171661376953e+00 9.148999786376953125e+01 7.230641841888427734e-01 3.699068129062652588e-01 5.098699331283569336e-01 1.851485133171081543e+00
5.432120971679687500e+02 6.464248057454824448e-03 1.811000061035156250e+01 3.047799987792968750e+02 9.646567702293395996e-01 4.462413787841796875e-01 6.251180768013000488e-01 8.752474784851074219e+00
3.332828369140625000e+02 6.848118267953395844e-03 1.351000022888183594e+01 1.972899932861328125e+02 8.994423747062683105e-01 4.259115457534790039e-01 6.106741428375244141e-01 6.425742626190185547e+00
2.656060485839843750e+02 1.018678303807973862e-02 1.277999973297119141e+01 1.649700012207031250e+02 8.384787440299987793e-01 4.031891226768493652e-01 5.689615011215209961e-01 5.891088962554931641e+00
4.967575683593750000e+02 5.251933354884386063e-03 2.054999923706054688e+01 2.993900146484375000e+02 9.797526001930236816e-01 4.512163102626800537e-01 6.325731277465820312e-01 8.970296859741210938e+00
3.179393920898437500e+02 5.315445829182863235e-03 1.314000034332275391e+01 1.811499938964843750e+02 7.996852397918701172e-01 3.904528021812438965e-01 5.158274173736572266e-01 4.891088962554931641e+00
2.923030395507812500e+02 1.020565535873174667e-02 1.417000007629394531e+01 1.782299957275390625e+02 8.117808699607849121e-01 3.891252875328063965e-01 5.222609043121337891e-01 4.910891056060791016e+00
1.337676696777343750e+02 8.843142539262771606e-03 6.219999790191650391e+00 7.454000091552734375e+01 7.199434638023376465e-01 3.871070444583892822e-01 5.435665249824523926e-01 2.306930780410766602e+00
4.913030395507812500e+02 8.782637305557727814e-03 2.332999992370605469e+01 2.695000000000000000e+02 8.817225694656372070e-01 4.055180847644805908e-01 5.646926760673522949e-01 7.316831588745117188e+00
3.272828369140625000e+02 6.689258385449647903e-03 1.584000015258789062e+01 1.968399963378906250e+02 9.339646100997924805e-01 4.289772510528564453e-01 6.427710652351379395e-01 6.386138439178466797e+00
3.383535461425781250e+02 5.085506942123174667e-03 1.136999988555908203e+01 1.912299957275390625e+02 8.531733155250549316e-01 4.023424685001373291e-01 5.696867108345031738e-01 5.376237392425537109e+00
3.376969604492187500e+02 1.148690283298492432e-02 1.372000026702880859e+01 2.049900054931640625e+02 9.013761281967163086e-01 4.334727525711059570e-01 6.191911101341247559e-01 6.821782112121582031e+00
4.492424316406250000e+02 8.039263077080249786e-03 2.252000045776367188e+01 2.724700012207031250e+02 9.034417271614074707e-01 4.191397726535797119e-01 5.905492305755615234e-01 8.782177925109863281e+00
4.660404052734375000e+02 1.318775024265050888e-02 2.184000015258789062e+01 2.763599853515625000e+02 9.775214195251464844e-01 4.317900836467742920e-01 6.341683268547058105e-01 9.306930541992187500e+00
4.716060485839843750e+02 1.432266365736722946e-02 2.013999938964843750e+01 2.935000000000000000e+02 9.561464786529541016e-01 4.310560524463653564e-01 5.907065272331237793e-01 8.554455757141113281e+00
4.886969604492187500e+02 1.265979837626218796e-02 2.077000045776367188e+01 3.048200073242187500e+02 9.651638865470886230e-01 4.323976635932922363e-01 6.208292245864868164e-01 8.336633682250976562e+00
4.909898986816406250e+02 8.501267991960048676e-03 2.064999961853027344e+01 2.919100036621093750e+02 9.784508347511291504e-01 4.437382221221923828e-01 6.308276653289794922e-01 8.960395812988281250e+00
1.624747467041015625e+02 1.367314485833048820e-03 5.630000114440917969e+00 1.036500015258789062e+02 7.138468623161315918e-01 3.881894350051879883e-01 5.538305044174194336e-01 2.475247621536254883e+00
4.962424316406250000e+02 1.285415608435869217e-02 1.754999923706054688e+01 3.134599914550781250e+02 9.949078559875488281e-01 4.481344819068908691e-01 6.185156106948852539e-01 8.534653663635253906e+00
1.382727203369140625e+02 8.098359219729900360e-03 5.909999847412109375e+00 8.616999816894531250e+01 6.869540810585021973e-01 3.815615177154541016e-01 5.066888332366943359e-01 2.584158420562744141e+00
1.686565704345703125e+02 6.334431935101747513e-03 7.070000171661376953e+00 1.018600006103515625e+02 7.609748244285583496e-01 4.002496600151062012e-01 5.399102568626403809e-01 3.594059467315673828e+00
3.499898986816406250e+02 8.776402100920677185e-03 1.193999958038330078e+01 2.199799957275390625e+02 8.840541839599609375e-01 4.324292540550231934e-01 6.139876842498779297e-01 5.693069458007812500e+00
1.623737335205078125e+02 7.064097095280885696e-03 6.960000038146972656e+00 1.008399963378906250e+02 7.449228763580322266e-01 3.910131454467773438e-01 5.420333743095397949e-01 2.326732635498046875e+00
3.077777709960937500e+02 1.012789178639650345e-02 1.330000019073486328e+01 1.953800048828125000e+02 8.118128776550292969e-01 4.015907049179077148e-01 5.651563405990600586e-01 5.039604187011718750e+00
4.016060485839843750e+02 5.553599447011947632e-03 1.857999992370605469e+01 2.243399963378906250e+02 9.756776690483093262e-01 4.452687799930572510e-01 6.571868658065795898e-01 6.386138439178466797e+00
5.005353393554687500e+02 9.354763664305210114e-03 2.045999908447265625e+01 3.007999877929687500e+02 1.087558627128601074e+00 4.696815311908721924e-01 6.787761449813842773e-01 1.000990104675292969e+01
1.559494934082031250e+02 2.741796197369694710e-03 5.510000228881835938e+00 8.729000091552734375e+01 6.332955956459045410e-01 3.702455759048461914e-01 5.116734504699707031e-01 2.099009990692138672e+00
5.066565551757812500e+02 8.345467038452625275e-03 2.081999969482421875e+01 3.021600036621093750e+02 1.044933676719665527e+00 4.629612565040588379e-01 6.673654317855834961e-01 9.574257850646972656e+00
5.001010131835937500e+02 1.045415364205837250e-02 1.682999992370605469e+01 3.028900146484375000e+02 1.059140682220458984e+00 4.783184528350830078e-01 6.831296682357788086e-01 9.772276878356933594e+00
4.406565551757812500e+02 9.091986343264579773e-03 1.406000041961669922e+01 2.663699951171875000e+02 1.064898490905761719e+00 4.607250690460205078e-01 6.554282903671264648e-01 8.603960037231445312e+00
5.272222290039062500e+02 1.087388023734092712e-02 1.755999946594238281e+01 3.302099914550781250e+02 1.011626601219177246e+00 4.606995880603790283e-01 6.470341682434082031e-01 8.623762130737304688e+00
3.394848632812500000e+02 6.915698759257793427e-03 1.213000011444091797e+01 2.067700042724609375e+02 9.177367091178894043e-01 4.321340918540954590e-01 6.180156469345092773e-01 6.396039485931396484e+00
1.581111145019531250e+02 1.076933927834033966e-02 6.690000057220458984e+00 9.623000335693359375e+01 7.135952115058898926e-01 3.927831053733825684e-01 5.839094519615173340e-01 3.128712892532348633e+00
4.816565551757812500e+02 1.359862275421619415e-02 1.896999931335449219e+01 2.863900146484375000e+02 1.022012114524841309e+00 4.477430880069732666e-01 6.304560303688049316e-01 1.021782207489013672e+01
4.865555419921875000e+02 8.559264242649078369e-03 1.968000030517578125e+01 2.700899963378906250e+02 8.724299073219299316e-01 4.132211506366729736e-01 5.556545853614807129e-01 7.712871074676513672e+00
3.194545593261718750e+02 1.115740928798913956e-02 1.277999973297119141e+01 1.765299987792968750e+02 9.377178549766540527e-01 4.229894280433654785e-01 5.634909272193908691e-01 4.732673168182373047e+00
1.672020263671875000e+02 6.941284518688917160e-03 5.949999809265136719e+00 1.067300033569335938e+02 7.638211846351623535e-01 3.935369253158569336e-01 5.295354723930358887e-01 2.693069219589233398e+00
1.629898986816406250e+02 5.274953786283731461e-03 7.170000076293945312e+00 9.562999725341796875e+01 7.429261803627014160e-01 3.907912075519561768e-01 5.380384325981140137e-01 2.960396051406860352e+00
1.768282775878906250e+02 9.680173359811306000e-03 6.230000019073486328e+00 1.082900009155273438e+02 8.228517770767211914e-01 4.234009981155395508e-01 6.026371717453002930e-01 3.980197906494140625e+00
4.381919250488281250e+02 4.241754766553640366e-03 1.778000068664550781e+01 2.449900054931640625e+02 1.097907066345214844e+00 4.792903661727905273e-01 6.794453859329223633e-01 7.445544719696044922e+00
4.878888854980468750e+02 9.260522201657295227e-03 1.705999946594238281e+01 2.997500000000000000e+02 1.039219617843627930e+00 4.526324272155761719e-01 6.222563982009887695e-01 8.831683158874511719e+00
4.123232421875000000e+02 5.465828813612461090e-03 1.701000022888183594e+01 2.317299957275390625e+02 9.997480511665344238e-01 4.635835587978363037e-01 6.502860188484191895e-01 7.158415794372558594e+00
5.116363525390625000e+02 6.071953102946281433e-03 2.035000038146972656e+01 2.816600036621093750e+02 9.191713929176330566e-01 4.206477999687194824e-01 5.881841778755187988e-01 7.683168411254882812e+00
5.176464843750000000e+02 1.082748267799615860e-02 1.665999984741210938e+01 3.214100036621093750e+02 1.022879242897033691e+00 4.547697007656097412e-01 6.344798803329467773e-01 8.742574691772460938e+00
5.239393920898437500e+02 6.960523780435323715e-03 2.064999961853027344e+01 2.857699890136718750e+02 9.815662503242492676e-01 4.289134442806243896e-01 6.057259440422058105e-01 8.366336822509765625e+00
1.715050506591796875e+02 6.654148921370506287e-03 5.860000133514404297e+00 1.056299972534179688e+02 8.094900250434875488e-01 4.074387252330780029e-01 5.917883515357971191e-01 3.039603948593139648e+00
4.713939514160156250e+02 1.539130602031946182e-02 2.250000000000000000e+01 2.555800018310546875e+02 9.905403256416320801e-01 4.420011937618255615e-01 5.939503312110900879e-01 6.683168411254882812e+00
4.673131408691406250e+02 9.224788285791873932e-03 2.290999984741210938e+01 2.816000061035156250e+02 9.544954299926757812e-01 4.207895696163177490e-01 6.030818223953247070e-01 8.811881065368652344e+00
2.688888854980468750e+02 1.403760537505149841e-02 1.244999980926513672e+01 1.616199951171875000e+02 8.055233359336853027e-01 3.867480754852294922e-01 5.419972538948059082e-01 5.742574214935302734e+00
4.595454406738281250e+02 7.993819192051887512e-03 2.229999923706054688e+01 2.729299926757812500e+02 1.001011490821838379e+00 4.513929188251495361e-01 6.502429842948913574e-01 9.465346336364746094e+00
1.488181762695312500e+02 6.320960819721221924e-03 6.789999961853027344e+00 8.862999725341796875e+01 6.655612587928771973e-01 3.840920329093933105e-01 5.592476725578308105e-01 2.108910799026489258e+00
4.902929382324218750e+02 9.508482180535793304e-03 2.019000053405761719e+01 2.898699951171875000e+02 9.722150564193725586e-01 4.470200836658477783e-01 6.491867303848266602e-01 9.613861083984375000e+00
4.887373657226562500e+02 6.082370877265930176e-03 2.027000045776367188e+01 2.885000000000000000e+02 9.492588043212890625e-01 4.355244338512420654e-01 6.275288462638854980e-01 9.673267364501953125e+00
4.878888854980468750e+02 1.292252074927091599e-02 1.986000061035156250e+01 2.626900024414062500e+02 9.935445785522460938e-01 4.547166228294372559e-01 6.344189643859863281e-01 7.138613700866699219e+00
4.960202026367187500e+02 8.365994319319725037e-03 2.367000007629394531e+01 2.914899902343750000e+02 9.654749631881713867e-01 4.400308132171630859e-01 6.396081447601318359e-01 1.017821788787841797e+01
4.748080749511718750e+02 7.414383813738822937e-03 2.295000076293945312e+01 2.801099853515625000e+02 9.790915846824645996e-01 4.366044998168945312e-01 6.074452996253967285e-01 9.168316841125488281e+00
4.975050354003906250e+02 9.657993912696838379e-03 2.023999977111816406e+01 2.735499877929687500e+02 9.922506213188171387e-01 4.622920751571655273e-01 6.460682749748229980e-01 7.386138439178466797e+00
3.238282775878906250e+02 7.669151760637760162e-03 1.297000026702880859e+01 1.915500030517578125e+02 8.727613687515258789e-01 4.139636754989624023e-01 5.916565060615539551e-01 6.198019981384277344e+00
2.914343566894531250e+02 8.530053310096263885e-03 1.002000045776367188e+01 1.785800018310546875e+02 8.578287959098815918e-01 4.203094542026519775e-01 5.808809995651245117e-01 6.227722644805908203e+00
3.449494934082031250e+02 9.374941699206829071e-03 1.152999973297119141e+01 2.164100036621093750e+02 9.350087046623229980e-01 4.277454912662506104e-01 5.969511270523071289e-01 5.326732635498046875e+00
5.131212158203125000e+02 8.166773244738578796e-03 1.642000007629394531e+01 2.856799926757812500e+02 9.197076559066772461e-01 4.302700459957122803e-01 5.881077051162719727e-01 7.861386299133300781e+00
4.738888854980468750e+02 1.106622815132141113e-02 1.915999984741210938e+01 2.865899963378906250e+02 1.027405858039855957e+00 4.565000534057617188e-01 6.736827492713928223e-01 9.811881065368652344e+00
3.273838500976562500e+02 1.167546212673187256e-02 1.418000030517578125e+01 2.033000030517578125e+02 8.663272261619567871e-01 4.129796028137207031e-01 5.583800077438354492e-01 5.099009990692138672e+00
2.349191894531250000e+02 5.541939754039049149e-03 1.150000000000000000e+01 1.323000030517578125e+02 7.811259627342224121e-01 4.011379182338714600e-01 5.523055195808410645e-01 3.950495004653930664e+00
1.536464691162109375e+02 7.089879363775253296e-03 7.559999942779541016e+00 8.581999969482421875e+01 7.081114053726196289e-01 3.746806085109710693e-01 5.267508625984191895e-01 1.524752497673034668e+00
1.475050506591796875e+02 7.977988570928573608e-03 4.809999942779541016e+00 8.325000000000000000e+01 7.337666749954223633e-01 4.113350510597229004e-01 6.304153203964233398e-01 2.306930780410766602e+00
3.458181762695312500e+02 1.547612133435904980e-03 1.436999988555908203e+01 1.893300018310546875e+02 8.806228041648864746e-01 4.084928929805755615e-01 5.550813078880310059e-01 5.089108943939208984e+00
4.808585815429687500e+02 1.003421656787395477e-02 2.431999969482421875e+01 2.961000061035156250e+02 9.619241356849670410e-01 4.221386015415191650e-01 6.131281852722167969e-01 7.910891056060791016e+00
5.100505065917968750e+02 7.672373205423355103e-03 1.597999954223632812e+01 3.042300109863281250e+02 1.027598619461059570e+00 4.676828086376190186e-01 6.535563468933105469e-01 1.034653472900390625e+01
5.152120971679687500e+02 7.554854732006788254e-03 1.781999969482421875e+01 3.103099975585937500e+02 1.034677863121032715e+00 4.662777483463287354e-01 6.672254800796508789e-01 9.287128448486328125e+00
4.443333435058593750e+02 1.167229935526847839e-02 2.151000022888183594e+01 2.402500000000000000e+02 9.308909177780151367e-01 4.291726052761077881e-01 5.856754183769226074e-01 6.455445766448974609e+00
1.470303039550781250e+02 1.290645729750394821e-02 6.300000190734863281e+00 8.258999633789062500e+01 7.555827498435974121e-01 3.821062445640563965e-01 5.200586318969726562e-01 1.930693030357360840e+00
4.598989868164062500e+02 8.965999819338321686e-03 1.831999969482421875e+01 2.676499938964843750e+02 9.079334735870361328e-01 4.219916462898254395e-01 5.862245559692382812e-01 9.138613700866699219e+00
4.599090881347656250e+02 1.374386996030807495e-02 1.827000045776367188e+01 2.523999938964843750e+02 9.545001983642578125e-01 4.446204304695129395e-01 6.327164769172668457e-01 6.633663177490234375e+00
3.018484802246093750e+02 1.130251493304967880e-02 1.211999988555908203e+01 1.672200012207031250e+02 8.500807285308837891e-01 4.122572243213653564e-01 5.657408237457275391e-01 3.910891056060791016e+00
3.227777709960937500e+02 7.361975964158773422e-03 1.327999973297119141e+01 1.977400054931640625e+02 8.902012705802917480e-01 4.185183346271514893e-01 5.859725475311279297e-01 5.673267364501953125e+00
1.520808105468750000e+02 1.309383381158113480e-02 7.400000095367431641e+00 9.302999877929687500e+01 7.256694436073303223e-01 3.833949565887451172e-01 5.601354241371154785e-01 3.029702901840209961e+00
3.039898986816406250e+02 8.847143501043319702e-03 1.001000022888183594e+01 1.756699981689453125e+02 9.901114106178283691e-01 4.669106602668762207e-01 6.432757377624511719e-01 5.287128925323486328e+00
