4.847272644042968750e+02 8.104899898171424866e-03 2.373999977111816406e+01 2.840199890136718750e+02
3.265050354003906250e+02 1.129876077175140381e-02 1.572999954223632812e+01 1.962100067138671875e+02
3.366969604492187500e+02 9.679072536528110504e-03 1.117000007629394531e+01 2.050700073242187500e+02
3.536363525390625000e+02 8.357023820281028748e-03 1.203999996185302734e+01 2.147500000000000000e+02
4.675050354003906250e+02 9.420070797204971313e-03 2.002000045776367188e+01 2.818900146484375000e+02
1.560505065917968750e+02 5.210641771554946899e-03 6.639999866485595703e+00 9.683999633789062500e+01
1.515959625244140625e+02 1.002702675759792328e-02 7.840000152587890625e+00 9.201999664306640625e+01
1.477373809814453125e+02 6.147987442091107368e-04 6.340000152587890625e+00 8.294999694824218750e+01
2.819090881347656250e+02 5.254485644400119781e-03 1.318000030517578125e+01 1.561100006103515625e+02
4.567878723144531250e+02 1.318491436541080475e-02 2.236000061035156250e+01 2.798900146484375000e+02
2.659797973632812500e+02 7.728647906333208084e-03 1.285000038146972656e+01 1.501399993896484375e+02
5.037474670410156250e+02 6.490823812782764435e-03 2.354000091552734375e+01 2.725400085449218750e+02
1.169494934082031250e+02 7.374620996415615082e-03 5.630000114440917969e+00 6.590000152587890625e+01
3.789696960449218750e+02 1.110892929136753082e-02 1.256999969482421875e+01 2.143899993896484375e+02
1.194747467041015625e+02 6.145035848021507263e-03 4.929999828338623047e+00 6.902999877929687500e+01
1.530505065917968750e+02 5.717993248254060745e-03 7.190000057220458984e+00 9.080000305175781250e+01
1.326868743896484375e+02 1.631456799805164337e-02 6.639999866485595703e+00 7.952999877929687500e+01
1.624343414306640625e+02 7.350252475589513779e-03 7.679999828338623047e+00 9.523000335693359375e+01
2.520707092285156250e+02 6.258575711399316788e-03 8.520000457763671875e+00 1.468099975585937500e+02
2.991717224121093750e+02 1.218543760478496552e-02 1.518999958038330078e+01 1.855899963378906250e+02
3.578181762695312500e+02 4.631678573787212372e-03 1.148999977111816406e+01 2.012799987792968750e+02
4.431111145019531250e+02 1.279338821768760681e-02 2.147999954223632812e+01 2.566799926757812500e+02
3.251616210937500000e+02 9.246516041457653046e-03 1.114000034332275391e+01 1.985700073242187500e+02
2.901313171386718750e+02 8.094481192529201508e-03 1.397999954223632812e+01 1.733000030517578125e+02
1.663838348388671875e+02 2.071701455861330032e-03 5.940000057220458984e+00 1.039400024414062500e+02
1.731111145019531250e+02 -2.706263039726763964e-04 5.309999942779541016e+00 9.904000091552734375e+01
3.204141540527343750e+02 1.167967543005943298e-02 1.481999969482421875e+01 1.963899993896484375e+02
1.665353546142578125e+02 5.934152752161026001e-03 7.079999923706054688e+00 9.213999938964843750e+01
3.070909118652343750e+02 8.860660716891288757e-03 1.510999965667724609e+01 1.842700042724609375e+02
1.723333282470703125e+02 7.069651503115892410e-03 5.809999942779541016e+00 1.089599990844726562e+02
3.302222290039062500e+02 1.106477156281471252e-02 1.331999969482421875e+01 1.938200073242187500e+02
1.484343414306640625e+02 8.533440530300140381e-03 6.460000038146972656e+00 8.987999725341796875e+01
1.607373809814453125e+02 7.721513044089078903e-03 6.769999980926513672e+00 9.836000061035156250e+01
1.497373809814453125e+02 6.648590788245201111e-03 6.590000152587890625e+00 9.312000274658203125e+01
1.617474822998046875e+02 6.437850184738636017e-03 6.940000057220458984e+00 9.037999725341796875e+01
5.251414184570312500e+02 7.958194240927696228e-03 1.796999931335449219e+01 3.120199890136718750e+02
1.494646453857421875e+02 5.329363513737916946e-03 6.809999942779541016e+00 9.243000030517578125e+01
3.283636474609375000e+02 7.399283815175294876e-03 1.542000007629394531e+01 1.791499938964843750e+02
1.776060638427734375e+02 2.995253540575504303e-03 6.099999904632568359e+00 9.916999816894531250e+01
1.652424316406250000e+02 8.355287835001945496e-03 6.989999771118164062e+00 9.851000213623046875e+01
2.381111145019531250e+02 7.043474819511175156e-03 9.489999771118164062e+00 1.385399932861328125e+02
3.214444580078125000e+02 6.544862873852252960e-03 1.589999961853027344e+01 1.751499938964843750e+02
1.550707092285156250e+02 6.060156971216201782e-03 5.550000190734863281e+00 8.901000213623046875e+01
3.003333435058593750e+02 9.063415229320526123e-03 1.239000034332275391e+01 1.789700012207031250e+02
1.637777709960937500e+02 5.517910234630107880e-03 6.579999923706054688e+00 8.930999755859375000e+01
4.870404052734375000e+02 8.715165778994560242e-03 2.335000038146972656e+01 2.786199951171875000e+02
2.914747619628906250e+02 1.074248924851417542e-02 1.401000022888183594e+01 1.615099945068359375e+02
5.057474670410156250e+02 9.608536958694458008e-03 2.143000030517578125e+01 2.957500000000000000e+02
1.668989868164062500e+02 6.200748495757579803e-03 5.590000152587890625e+00 1.029899978637695312e+02
3.089696960449218750e+02 6.748937070369720459e-03 1.625000000000000000e+01 1.874700012207031250e+02
1.468989868164062500e+02 9.150723926723003387e-03 4.969999790191650391e+00 9.144000244140625000e+01
1.502929229736328125e+02 5.734537262469530106e-03 6.130000114440917969e+00 8.940000152587890625e+01
4.989393920898437500e+02 8.040463551878929138e-03 2.088999938964843750e+01 2.938599853515625000e+02
4.036666564941406250e+02 1.084593031555414200e-02 1.912999916076660156e+01 2.438300018310546875e+02
3.542020263671875000e+02 8.204227313399314880e-03 1.172000026702880859e+01 2.163999938964843750e+02
1.412323303222656250e+02 3.956972155719995499e-03 7.269999980926513672e+00 8.772000122070312500e+01
3.455757446289062500e+02 8.665831759572029114e-03 1.168999958038330078e+01 2.102899932861328125e+02
1.388080749511718750e+02 4.818911198526620865e-03 5.579999923706054688e+00 8.408999633789062500e+01
4.148383789062500000e+02 8.980072103440761566e-03 1.804000091552734375e+01 2.561000061035156250e+02
1.701717224121093750e+02 5.385349504649639130e-03 7.280000209808349609e+00 1.043899993896484375e+02
2.752626342773437500e+02 1.261161454021930695e-02 1.147999954223632812e+01 1.700899963378906250e+02
1.580303039550781250e+02 7.525631692260503769e-03 7.070000171661376953e+00 8.808999633789062500e+01
3.536565551757812500e+02 6.046033930033445358e-03 1.713999938964843750e+01 1.984100036621093750e+02
4.816363525390625000e+02 1.279678195714950562e-02 2.506999969482421875e+01 2.847000122070312500e+02
3.272727355957031250e+02 5.653740372508764267e-03 1.397999954223632812e+01 2.007299957275390625e+02
3.248080749511718750e+02 1.048142183572053909e-02 1.140999984741210938e+01 2.080399932861328125e+02
1.544747467041015625e+02 1.013258588500320911e-03 7.610000133514404297e+00 8.341000366210937500e+01
1.418484802246093750e+02 1.315705571323633194e-02 7.119999885559082031e+00 8.776000213623046875e+01
1.462323303222656250e+02 7.217540871351957321e-03 5.099999904632568359e+00 9.233999633789062500e+01
3.331212158203125000e+02 1.014175731688737869e-02 1.446000003814697266e+01 2.081100006103515625e+02
1.522424316406250000e+02 6.306796334683895111e-03 7.530000209808349609e+00 9.401999664306640625e+01
2.913030395507812500e+02 8.428731001913547516e-03 1.201000022888183594e+01 1.629700012207031250e+02
3.191717224121093750e+02 9.680365212261676788e-03 1.321000003814697266e+01 1.914799957275390625e+02
3.281111145019531250e+02 8.797981776297092438e-03 1.323999977111816406e+01 1.795700073242187500e+02
3.061414184570312500e+02 1.199866272509098053e-02 1.490999984741210938e+01 1.854499969482421875e+02
3.174040527343750000e+02 4.563512746244668961e-03 1.601000022888183594e+01 1.902200012207031250e+02
3.192727355957031250e+02 1.227650139480829239e-02 1.232999992370605469e+01 1.936199951171875000e+02
4.592222290039062500e+02 4.284850787371397018e-03 1.461999988555908203e+01 2.595899963378906250e+02
4.469292907714843750e+02 6.014875136315822601e-03 2.196999931335449219e+01 2.628900146484375000e+02
1.775959625244140625e+02 9.536987170577049255e-03 5.800000190734863281e+00 1.104300003051757812e+02
4.825555419921875000e+02 1.126472000032663345e-02 2.295999908447265625e+01 2.627000122070312500e+02
1.668282775878906250e+02 3.304733894765377045e-03 5.239999771118164062e+00 9.541999816894531250e+01
1.570000000000000000e+02 1.860041171312332153e-03 6.699999809265136719e+00 9.909999847412109375e+01
4.405959472656250000e+02 1.263498608022928238e-02 1.500000000000000000e+01 2.662600097656250000e+02
2.732222290039062500e+02 1.855411450378596783e-03 1.114000034332275391e+01 1.571300048828125000e+02
1.273737411499023438e+02 -6.745379650965332985e-04 4.289999961853027344e+00 7.487000274658203125e+01
4.195555419921875000e+02 1.441244035959243774e-03 2.018000030517578125e+01 2.362400054931640625e+02
3.092828369140625000e+02 1.072978600859642029e-02 1.522999954223632812e+01 1.916499938964843750e+02
3.356464538574218750e+02 9.487177245318889618e-03 1.134000015258789062e+01 2.056499938964843750e+02
1.319494934082031250e+02 1.632105186581611633e-02 6.420000076293945312e+00 8.208000183105468750e+01
4.121414184570312500e+02 7.634057197719812393e-03 1.919000053405761719e+01 2.444299926757812500e+02
1.447272796630859375e+02 5.971848033368587494e-03 6.960000038146972656e+00 8.175000000000000000e+01
3.244848632812500000e+02 3.565888153389096260e-03 1.297000026702880859e+01 1.938000030517578125e+02
1.376767730712890625e+02 9.340776130557060242e-03 5.980000019073486328e+00 7.848999786376953125e+01
2.919393920898437500e+02 8.990173228085041046e-03 9.909999847412109375e+00 1.797700042724609375e+02
1.373939361572265625e+02 2.813495229929685593e-03 6.369999885559082031e+00 7.876000213623046875e+01
2.783232421875000000e+02 1.028562057763338089e-02 1.110999965667724609e+01 1.686799926757812500e+02
1.596161651611328125e+02 5.997007247060537338e-03 5.349999904632568359e+00 9.830999755859375000e+01
4.621919250488281250e+02 9.228918701410293579e-03 1.859000015258789062e+01 2.729800109863281250e+02
3.638888854980468750e+02 6.520449649542570114e-03 1.488000011444091797e+01 2.037100067138671875e+02
5.401918945312500000e+02 6.122067570686340332e-03 1.845999908447265625e+01 2.997699890136718750e+02
1.621919250488281250e+02 5.086169578135013580e-03 6.380000114440917969e+00 9.918000030517578125e+01
3.084343566894531250e+02 9.342775680124759674e-03 1.302999973297119141e+01 1.872599945068359375e+02
4.695555419921875000e+02 7.366760168224573135e-03 2.247999954223632812e+01 2.736900024414062500e+02
1.593131256103515625e+02 8.043146692216396332e-03 6.789999961853027344e+00 9.476000213623046875e+01
2.906464538574218750e+02 3.892817301675677299e-03 8.859999656677246094e+00 1.665200042724609375e+02
3.335050354003906250e+02 5.626316182315349579e-03 1.380000019073486328e+01 1.866399993896484375e+02
3.052121276855468750e+02 4.115737974643707275e-03 1.534000015258789062e+01 1.692700042724609375e+02
3.003535461425781250e+02 5.569017492234706879e-03 1.293000030517578125e+01 1.829299926757812500e+02
4.724747619628906250e+02 1.360583677887916565e-02 2.345000076293945312e+01 2.942999877929687500e+02
5.287373657226562500e+02 8.318348787724971771e-03 1.700000000000000000e+01 3.182399902343750000e+02
5.335050659179687500e+02 7.694425527006387711e-03 1.787999916076660156e+01 3.215400085449218750e+02
4.178080749511718750e+02 1.087520550936460495e-02 1.726000022888183594e+01 2.533999938964843750e+02
4.849595947265625000e+02 9.602950885891914368e-03 2.443000030517578125e+01 2.886700134277343750e+02
5.027878723144531250e+02 1.059142593294382095e-02 2.043000030517578125e+01 3.110199890136718750e+02
3.612020263671875000e+02 6.925538647919893265e-03 1.185000038146972656e+01 2.019600067138671875e+02
1.688888854980468750e+02 6.893507670611143112e-03 5.769999980926513672e+00 1.026800003051757812e+02
3.375454406738281250e+02 6.259875837713479996e-03 1.314999961853027344e+01 2.028500061035156250e+02
1.608181762695312500e+02 1.035341527312994003e-02 6.610000133514404297e+00 1.017300033569335938e+02
1.616666717529296875e+02 8.041733875870704651e-03 7.940000057220458984e+00 9.512999725341796875e+01
4.742929382324218750e+02 8.053371682763099670e-03 2.247999954223632812e+01 2.576199951171875000e+02
4.365252380371093750e+02 5.937051493674516678e-03 1.400000000000000000e+01 2.437500000000000000e+02
1.477474822998046875e+02 5.087625700980424881e-03 7.070000171661376953e+00 9.148999786376953125e+01
5.432120971679687500e+02 6.464248057454824448e-03 1.811000061035156250e+01 3.047799987792968750e+02
3.332828369140625000e+02 6.848118267953395844e-03 1.351000022888183594e+01 1.972899932861328125e+02
2.656060485839843750e+02 1.018678303807973862e-02 1.277999973297119141e+01 1.649700012207031250e+02
4.967575683593750000e+02 5.251933354884386063e-03 2.054999923706054688e+01 2.993900146484375000e+02
3.179393920898437500e+02 5.315445829182863235e-03 1.314000034332275391e+01 1.811499938964843750e+02
2.923030395507812500e+02 1.020565535873174667e-02 1.417000007629394531e+01 1.782299957275390625e+02
1.337676696777343750e+02 8.843142539262771606e-03 6.219999790191650391e+00 7.454000091552734375e+01
4.913030395507812500e+02 8.782637305557727814e-03 2.332999992370605469e+01 2.695000000000000000e+02
3.272828369140625000e+02 6.689258385449647903e-03 1.584000015258789062e+01 1.968399963378906250e+02
3.383535461425781250e+02 5.085506942123174667e-03 1.136999988555908203e+01 1.912299957275390625e+02
3.376969604492187500e+02 1.148690283298492432e-02 1.372000026702880859e+01 2.049900054931640625e+02
4.492424316406250000e+02 8.039263077080249786e-03 2.252000045776367188e+01 2.724700012207031250e+02
4.660404052734375000e+02 1.318775024265050888e-02 2.184000015258789062e+01 2.763599853515625000e+02
4.716060485839843750e+02 1.432266365736722946e-02 2.013999938964843750e+01 2.935000000000000000e+02
4.886969604492187500e+02 1.265979837626218796e-02 2.077000045776367188e+01 3.048200073242187500e+02
4.909898986816406250e+02 8.501267991960048676e-03 2.064999961853027344e+01 2.919100036621093750e+02
1.624747467041015625e+02 1.367314485833048820e-03 5.630000114440917969e+00 1.036500015258789062e+02
4.962424316406250000e+02 1.285415608435869217e-02 1.754999923706054688e+01 3.134599914550781250e+02
1.382727203369140625e+02 8.098359219729900360e-03 5.909999847412109375e+00 8.616999816894531250e+01
1.686565704345703125e+02 6.334431935101747513e-03 7.070000171661376953e+00 1.018600006103515625e+02
3.499898986816406250e+02 8.776402100920677185e-03 1.193999958038330078e+01 2.199799957275390625e+02
1.623737335205078125e+02 7.064097095280885696e-03 6.960000038146972656e+00 1.008399963378906250e+02
3.077777709960937500e+02 1.012789178639650345e-02 1.330000019073486328e+01 1.953800048828125000e+02
4.016060485839843750e+02 5.553599447011947632e-03 1.857999992370605469e+01 2.243399963378906250e+02
5.005353393554687500e+02 9.354763664305210114e-03 2.045999908447265625e+01 3.007999877929687500e+02
1.559494934082031250e+02 2.741796197369694710e-03 5.510000228881835938e+00 8.729000091552734375e+01
5.066565551757812500e+02 8.345467038452625275e-03 2.081999969482421875e+01 3.021600036621093750e+02
5.001010131835937500e+02 1.045415364205837250e-02 1.682999992370605469e+01 3.028900146484375000e+02
4.406565551757812500e+02 9.091986343264579773e-03 1.406000041961669922e+01 2.663699951171875000e+02
5.272222290039062500e+02 1.087388023734092712e-02 1.755999946594238281e+01 3.302099914550781250e+02
3.394848632812500000e+02 6.915698759257793427e-03 1.213000011444091797e+01 2.067700042724609375e+02
1.581111145019531250e+02 1.076933927834033966e-02 6.690000057220458984e+00 9.623000335693359375e+01
4.816565551757812500e+02 1.359862275421619415e-02 1.896999931335449219e+01 2.863900146484375000e+02
4.865555419921875000e+02 8.559264242649078369e-03 1.968000030517578125e+01 2.700899963378906250e+02
3.194545593261718750e+02 1.115740928798913956e-02 1.277999973297119141e+01 1.765299987792968750e+02
1.672020263671875000e+02 6.941284518688917160e-03 5.949999809265136719e+00 1.067300033569335938e+02
1.629898986816406250e+02 5.274953786283731461e-03 7.170000076293945312e+00 9.562999725341796875e+01
1.768282775878906250e+02 9.680173359811306000e-03 6.230000019073486328e+00 1.082900009155273438e+02
4.381919250488281250e+02 4.241754766553640366e-03 1.778000068664550781e+01 2.449900054931640625e+02
4.878888854980468750e+02 9.260522201657295227e-03 1.705999946594238281e+01 2.997500000000000000e+02
4.123232421875000000e+02 5.465828813612461090e-03 1.701000022888183594e+01 2.317299957275390625e+02
5.116363525390625000e+02 6.071953102946281433e-03 2.035000038146972656e+01 2.816600036621093750e+02
5.176464843750000000e+02 1.082748267799615860e-02 1.665999984741210938e+01 3.214100036621093750e+02
5.239393920898437500e+02 6.960523780435323715e-03 2.064999961853027344e+01 2.857699890136718750e+02
1.715050506591796875e+02 6.654148921370506287e-03 5.860000133514404297e+00 1.056299972534179688e+02
4.713939514160156250e+02 1.539130602031946182e-02 2.250000000000000000e+01 2.555800018310546875e+02
4.673131408691406250e+02 9.224788285791873932e-03 2.290999984741210938e+01 2.816000061035156250e+02
2.688888854980468750e+02 1.403760537505149841e-02 1.244999980926513672e+01 1.616199951171875000e+02
4.595454406738281250e+02 7.993819192051887512e-03 2.229999923706054688e+01 2.729299926757812500e+02
1.488181762695312500e+02 6.320960819721221924e-03 6.789999961853027344e+00 8.862999725341796875e+01
4.902929382324218750e+02 9.508482180535793304e-03 2.019000053405761719e+01 2.898699951171875000e+02
4.887373657226562500e+02 6.082370877265930176e-03 2.027000045776367188e+01 2.885000000000000000e+02
4.878888854980468750e+02 1.292252074927091599e-02 1.986000061035156250e+01 2.626900024414062500e+02
4.960202026367187500e+02 8.365994319319725037e-03 2.367000007629394531e+01 2.914899902343750000e+02
4.748080749511718750e+02 7.414383813738822937e-03 2.295000076293945312e+01 2.801099853515625000e+02
4.975050354003906250e+02 9.657993912696838379e-03 2.023999977111816406e+01 2.735499877929687500e+02
3.238282775878906250e+02 7.669151760637760162e-03 1.297000026702880859e+01 1.915500030517578125e+02
2.914343566894531250e+02 8.530053310096263885e-03 1.002000045776367188e+01 1.785800018310546875e+02
3.449494934082031250e+02 9.374941699206829071e-03 1.152999973297119141e+01 2.164100036621093750e+02
5.131212158203125000e+02 8.166773244738578796e-03 1.642000007629394531e+01 2.856799926757812500e+02
4.738888854980468750e+02 1.106622815132141113e-02 1.915999984741210938e+01 2.865899963378906250e+02
3.273838500976562500e+02 1.167546212673187256e-02 1.418000030517578125e+01 2.033000030517578125e+02
2.349191894531250000e+02 5.541939754039049149e-03 1.150000000000000000e+01 1.323000030517578125e+02
1.536464691162109375e+02 7.089879363775253296e-03 7.559999942779541016e+00 8.581999969482421875e+01
1.475050506591796875e+02 7.977988570928573608e-03 4.809999942779541016e+00 8.325000000000000000e+01
3.458181762695312500e+02 1.547612133435904980e-03 1.436999988555908203e+01 1.893300018310546875e+02
4.808585815429687500e+02 1.003421656787395477e-02 2.431999969482421875e+01 2.961000061035156250e+02
5.100505065917968750e+02 7.672373205423355103e-03 1.597999954223632812e+01 3.042300109863281250e+02
5.152120971679687500e+02 7.554854732006788254e-03 1.781999969482421875e+01 3.103099975585937500e+02
4.443333435058593750e+02 1.167229935526847839e-02 2.151000022888183594e+01 2.402500000000000000e+02
1.470303039550781250e+02 1.290645729750394821e-02 6.300000190734863281e+00 8.258999633789062500e+01
4.598989868164062500e+02 8.965999819338321686e-03 1.831999969482421875e+01 2.676499938964843750e+02
4.599090881347656250e+02 1.374386996030807495e-02 1.827000045776367188e+01 2.523999938964843750e+02
3.018484802246093750e+02 1.130251493304967880e-02 1.211999988555908203e+01 1.672200012207031250e+02
3.227777709960937500e+02 7.361975964158773422e-03 1.327999973297119141e+01 1.977400054931640625e+02
1.520808105468750000e+02 1.309383381158113480e-02 7.400000095367431641e+00 9.302999877929687500e+01
3.039898986816406250e+02 8.847143501043319702e-03 1.001000022888183594e+01 1.756699981689453125e+02
