0.9  0.6  0.02  0.24    1.2                                 
0.9  0.2  0.02  0.24    1.2 
0.9  1.0  0.02  0.24    1.2 
0.9  0.6  0.08  0.24    1.2
0.9  0.2  0.08  0.24    1.2 
0.9  1.0  0.08  0.24    1.2
0.9  0.6  0.12  0.24    1.2
0.9  0.2  0.12  0.24    1.2 
0.9  1.0  0.12  0.24    1.2
0.9  0.6  0.02  0.24    0.8
0.9  0.2  0.02  0.24    0.8 
0.9  1.0  0.02  0.24    0.8
0.9  0.6  0.08  0.24    0.8
0.9  0.2  0.08  0.24    0.8 
0.9  1.0  0.08  0.24    0.8
0.9  0.6  0.12  0.24    0.8
0.9  0.2  0.12  0.24    0.8 
0.9  1.0  0.12  0.24    0.8
0.9  0.6  0.02  0.24    0.4
0.9  0.2  0.02  0.24    0.4 
0.9  1.0  0.02  0.24    0.4
0.9  0.6  0.08  0.24    0.4
0.9  0.2  0.08  0.24    0.4 
0.9  1.0  0.08  0.24    0.4
0.9  0.6  0.12  0.24    0.4
0.9  0.2  0.12  0.24    0.4 
0.9  1.0  0.12  0.24    0.4
0.9  0.6  0.02  0.4    1.2
0.9  0.2  0.02  0.4    1.2 
0.9  1.0  0.02  0.4    1.2 
0.9  0.6  0.08  0.4    1.2
0.9  0.2  0.08  0.4    1.2 
0.9  1.0  0.08  0.4    1.2
0.9  0.6  0.12  0.4    1.2
0.9  0.2  0.12  0.4    1.2 
0.9  1.0  0.12  0.4    1.2
0.9  0.6  0.02  0.4    0.8
0.9  0.2  0.02  0.4    0.8 
0.9  1.0  0.02  0.4    0.8
0.9  0.6  0.08  0.4    0.8
0.9  0.2  0.08  0.4    0.8 
0.9  1.0  0.08  0.4    0.8
0.9  0.6  0.12  0.4    0.8
0.9  0.2  0.12  0.4    0.8 
0.9  1.0  0.12  0.4    0.8
0.9  0.6  0.02  0.4    0.4
0.9  0.2  0.02  0.4    0.4 
0.9  1.0  0.02  0.4    0.4
0.9  0.6  0.08  0.4    0.4
0.9  0.2  0.08  0.4    0.4 
0.9  1.0  0.08  0.4    0.4
0.9  0.6  0.12  0.4    0.4
0.9  0.2  0.12  0.4    0.4 
0.9  1.0  0.12  0.4    0.4
0.9  0.6  0.02  0.15    1.2
0.9  0.2  0.02  0.15    1.2 
0.9  1.0  0.02  0.15    1.2 
0.9  0.6  0.08  0.15    1.2
0.9  0.2  0.08  0.15    1.2 
0.9  1.0  0.08  0.15    1.2
0.9  0.6  0.12  0.15    1.2
0.9  0.2  0.12  0.15    1.2 
0.9  1.0  0.12  0.15    1.2
0.9  0.6  0.02  0.15    0.8
0.9  0.2  0.02  0.15    0.8 
0.9  1.0  0.02  0.15    0.8
0.9  0.6  0.08  0.15    0.8
0.9  0.2  0.08  0.15    0.8 
0.9  1.0  0.08  0.15    0.8
0.9  0.6  0.12  0.15    0.8
0.9  0.2  0.12  0.15    0.8 
0.9  1.0  0.12  0.15    0.8
0.9  0.6  0.02  0.15    0.4
0.9  0.2  0.02  0.15    0.4 
0.9  1.0  0.02  0.15    0.4
0.9  0.6  0.08  0.15    0.4
0.9  0.2  0.08  0.15    0.4 
0.9  1.0  0.08  0.15    0.4
0.9  0.6  0.12  0.15    0.4
0.9  0.2  0.12  0.15    0.4 
0.9  1.0  0.12  0.15    0.4
0.2  0.6  0.02  0.24    1.2
0.2  0.2  0.02  0.24    1.2 
0.2  1.0  0.02  0.24    1.2 
0.2  0.6  0.08  0.24    1.2
0.2  0.2  0.08  0.24    1.2 
0.2  1.0  0.08  0.24    1.2
0.2  0.6  0.12  0.24    1.2
0.2  0.2  0.12  0.24    1.2 
0.2  1.0  0.12  0.24    1.2
0.2  0.6  0.02  0.24    0.8
0.2  0.2  0.02  0.24    0.8 
0.2  1.0  0.02  0.24    0.8
0.2  0.6  0.08  0.24    0.8
0.2  0.2  0.08  0.24    0.8 
0.2  1.0  0.08  0.24    0.8
0.2  0.6  0.12  0.24    0.8
0.2  0.2  0.12  0.24    0.8 
0.2  1.0  0.12  0.24    0.8
0.2  0.6  0.02  0.24    0.4
0.2  0.2  0.02  0.24    0.4 
0.2  1.0  0.02  0.24    0.4
0.2  0.6  0.08  0.24    0.4
0.2  0.2  0.08  0.24    0.4 
0.2  1.0  0.08  0.24    0.4
0.2  0.6  0.12  0.24    0.4
0.2  0.2  0.12  0.24    0.4 
0.2  1.0  0.12  0.24    0.4
0.2  0.6  0.02  0.4    1.2
0.2  0.2  0.02  0.4    1.2 
0.2  1.0  0.02  0.4    1.2 
0.2  0.6  0.08  0.4    1.2
0.2  0.2  0.08  0.4    1.2 
0.2  1.0  0.08  0.4    1.2
0.2  0.6  0.12  0.4    1.2
0.2  0.2  0.12  0.4    1.2 
0.2  1.0  0.12  0.4    1.2
0.2  0.6  0.02  0.4    0.8
0.2  0.2  0.02  0.4    0.8 
0.2  1.0  0.02  0.4    0.8
0.2  0.6  0.08  0.4    0.8
0.2  0.2  0.08  0.4    0.8 
0.2  1.0  0.08  0.4    0.8
0.2  0.6  0.12  0.4    0.8
0.2  0.2  0.12  0.4    0.8 
0.2  1.0  0.12  0.4    0.8
0.2  0.6  0.02  0.4    0.4
0.2  0.2  0.02  0.4    0.4 
0.2  1.0  0.02  0.4    0.4
0.2  0.6  0.08  0.4    0.4
0.2  0.2  0.08  0.4    0.4 
0.2  1.0  0.08  0.4    0.4
0.2  0.6  0.12  0.4    0.4
0.2  0.2  0.12  0.4    0.4 
0.2  1.0  0.12  0.4    0.4
0.2  0.6  0.02  0.15    1.2
0.2  0.2  0.02  0.15    1.2 
0.2  1.0  0.02  0.15    1.2 
0.2  0.6  0.08  0.15    1.2
0.2  0.2  0.08  0.15    1.2 
0.2  1.0  0.08  0.15    1.2
0.2  0.6  0.12  0.15    1.2
0.2  0.2  0.12  0.15    1.2 
0.2  1.0  0.12  0.15    1.2
0.2  0.6  0.02  0.15    0.8
0.2  0.2  0.02  0.15    0.8 
0.2  1.0  0.02  0.15    0.8
0.2  0.6  0.08  0.15    0.8
0.2  0.2  0.08  0.15    0.8 
0.2  1.0  0.08  0.15    0.8
0.2  0.6  0.12  0.15    0.8
0.2  0.2  0.12  0.15    0.8 
0.2  1.0  0.12  0.15    0.8
0.2  0.6  0.02  0.15    0.4
0.2  0.2  0.02  0.15    0.4 
0.2  1.0  0.02  0.15    0.4
0.2  0.6  0.08  0.15    0.4
0.2  0.2  0.08  0.15    0.4 
0.2  1.0  0.08  0.15    0.4
0.2  0.6  0.12  0.15    0.4
0.2  0.2  0.12  0.15    0.4 
0.2  1.0  0.12  0.15    0.4
0.6  0.6  0.02  0.24    1.2
0.6  0.2  0.02  0.24    1.2 
0.6  1.0  0.02  0.24    1.2 
0.6  0.6  0.08  0.24    1.2
0.6  0.2  0.08  0.24    1.2 
0.6  1.0  0.08  0.24    1.2
0.6  0.6  0.12  0.24    1.2
0.6  0.2  0.12  0.24    1.2 
0.6  1.0  0.12  0.24    1.2
0.6  0.6  0.02  0.24    0.8
0.6  0.2  0.02  0.24    0.8 
0.6  1.0  0.02  0.24    0.8
0.6  0.6  0.08  0.24    0.8
0.6  0.2  0.08  0.24    0.8 
0.6  1.0  0.08  0.24    0.8
0.6  0.6  0.12  0.24    0.8
0.6  0.2  0.12  0.24    0.8 
0.6  1.0  0.12  0.24    0.8
0.6  0.6  0.02  0.24    0.4
0.6  0.2  0.02  0.24    0.4 
0.6  1.0  0.02  0.24    0.4
0.6  0.6  0.08  0.24    0.4
0.6  0.2  0.08  0.24    0.4 
0.6  1.0  0.08  0.24    0.4
0.6  0.6  0.12  0.24    0.4
0.6  0.2  0.12  0.24    0.4 
0.6  1.0  0.12  0.24    0.4
0.6  0.6  0.02  0.4    1.2
0.6  0.2  0.02  0.4    1.2 
0.6  1.0  0.02  0.4    1.2 
0.6  0.6  0.08  0.4    1.2
0.6  0.2  0.08  0.4    1.2 
0.6  1.0  0.08  0.4    1.2
0.6  0.6  0.12  0.4    1.2
0.6  0.2  0.12  0.4    1.2 
0.6  1.0  0.12  0.4    1.2
0.6  0.6  0.02  0.4    0.8
0.6  0.2  0.02  0.4    0.8 
0.6  1.0  0.02  0.4    0.8
0.6  0.6  0.08  0.4    0.8
0.6  0.2  0.08  0.4    0.8 
0.6  1.0  0.08  0.4    0.8
0.6  0.6  0.12  0.4    0.8
0.6  0.2  0.12  0.4    0.8 
0.6  1.0  0.12  0.4    0.8
0.6  0.6  0.02  0.4    0.4
0.6  0.2  0.02  0.4    0.4 
0.6  1.0  0.02  0.4    0.4
0.6  0.6  0.08  0.4    0.4
0.6  0.2  0.08  0.4    0.4 
0.6  1.0  0.08  0.4    0.4
0.6  0.6  0.12  0.4    0.4
0.6  0.2  0.12  0.4    0.4 
0.6  1.0  0.12  0.4    0.4
0.6  0.6  0.02  0.15    1.2
0.6  0.2  0.02  0.15    1.2 
0.6  1.0  0.02  0.15    1.2 
0.6  0.6  0.08  0.15    1.2
0.6  0.2  0.08  0.15    1.2 
0.6  1.0  0.08  0.15    1.2
0.6  0.6  0.12  0.15    1.2
0.6  0.2  0.12  0.15    1.2 
0.6  1.0  0.12  0.15    1.2
0.6  0.6  0.02  0.15    0.8
0.6  0.2  0.02  0.15    0.8 
0.6  1.0  0.02  0.15    0.8
0.6  0.6  0.08  0.15    0.8
0.6  0.2  0.08  0.15    0.8 
0.6  1.0  0.08  0.15    0.8
0.6  0.6  0.12  0.15    0.8
0.6  0.2  0.12  0.15    0.8 
0.6  1.0  0.12  0.15    0.8
0.6  0.6  0.02  0.15    0.4
0.6  0.2  0.02  0.15    0.4 
0.6  1.0  0.02  0.15    0.4
0.6  0.6  0.08  0.15    0.4
0.6  0.2  0.08  0.15    0.4 
0.6  1.0  0.08  0.15    0.4
0.6  0.6  0.12  0.15    0.4
0.6  0.2  0.12  0.15    0.4 
0.6  1.0  0.12  0.15    0.4



































